Jr Jz thetar thetaz thetaphi Jrs Jzs thetasr thetasz thetasphi time
0.0499974 0.550003 0.999989 1.3 1.30002 0.0469221 0.554823 0.96598 1.30737 1.30769 0
0.0499972 0.550003 1.13822 1.42625 1.41061 0.0464626 0.554043 1.10475 1.43352 1.41799 4.18248
0.0499977 0.550002 1.27645 1.5525 1.52118 0.0467577 0.553129 1.25191 1.55889 1.52812 8.36497
0.0499983 0.550002 1.41468 1.67875 1.63176 0.0473946 0.552091 1.40001 1.68375 1.63809 12.5475
0.0499984 0.550002 1.55291 1.80499 1.74234 0.0477602 0.551362 1.54278 1.80861 1.74784 16.7299
0.0499977 0.550003 1.69114 1.93124 1.85292 0.0474673 0.551511 1.67948 1.93378 1.8574 20.9124
0.0499955 0.550005 1.82937 2.05749 1.9635 0.0465108 0.552698 1.81366 2.05924 1.96689 25.0949
0.049999 0.550001 1.96761 2.18374 2.07408 0.0452424 0.55451 1.95009 2.1848 2.07643 29.2774
0.0499983 0.550002 2.10584 2.30999 2.18466 0.0442657 0.556171 2.09174 2.31027 2.1861 33.4599
0.0499979 0.550002 2.24407 2.43624 2.29524 0.044261 0.55694 2.23724 2.43563 2.29593 37.6424
0.0499983 0.550002 2.3823 2.56248 2.40582 0.0456015 0.556492 2.38098 2.56099 2.40595 41.8248
0.0499992 0.550001 2.52053 2.68873 2.5164 0.0478178 0.555039 2.5184 2.68643 2.51627 46.0073
0.0499984 0.550002 2.65876 2.81498 2.62698 0.0494993 0.552964 2.65127 2.81191 2.62696 50.1898
0.049997 0.550003 2.79699 2.94123 2.73757 0.0491089 0.55044 2.786 2.93756 2.73793 54.3723
0.0499975 0.550002 2.93522 3.06748 2.84815 0.0464598 0.547875 2.92683 3.06402 2.84867 58.5548
0.0499989 0.550001 3.07345 3.19373 2.95873 0.0440032 0.546905 3.07057 3.19189 2.9587 62.7373
0.049994 0.550005 3.21168 3.31997 3.06931 0.0447264 0.549068 3.21424 3.31999 3.06854 66.9197
0.0499975 0.550002 3.34991 3.44622 3.17989 0.0472794 0.552802 3.35735 3.44658 3.17905 71.1022
0.0499989 0.550001 3.48814 3.57247 3.29048 0.0486976 0.555798 3.4954 3.57189 3.2901 75.2847
0.0499987 0.550001 3.62637 3.69872 3.40106 0.0482343 0.557214 3.62883 3.69691 3.40115 79.4672
0.0499978 0.550002 3.7646 3.82497 3.51164 0.0467377 0.557034 3.76205 3.82222 3.51188 83.6497
0.0499971 0.550003 3.90283 3.95121 3.62222 0.0453581 0.555577 3.89823 3.94803 3.62216 87.8322
0.0499972 0.550003 4.04106 4.07746 3.7328 0.0448162 0.553479 4.03715 4.07422 3.732 92.0146
0.049998 0.550002 4.17929 4.20371 3.84338 0.0451815 0.551646 4.17659 4.20049 3.8415 96.1971
0.0499988 0.550001 4.31752 4.32996 3.95397 0.0460178 0.550915 4.31524 4.32647 3.95084 100.38
0.0499939 0.550005 4.45577 4.4562 4.06453 0.0467171 0.551577 4.45412 4.45188 4.06024 104.562
0.0499949 0.550004 4.594 4.58245 4.17511 0.0468531 0.55313 4.59552 4.57673 4.16989 108.745
0.0499944 0.550005 4.73223 4.7087 4.28569 0.0464187 0.554515 4.74053 4.70139 4.2799 112.927
0.0499932 0.550007 4.87047 4.83495 4.39626 0.0458438 0.554861 4.88676 4.8264 4.39017 117.11
0.049993 0.550008 5.0087 4.9612 4.50684 0.0457595 0.554318 5.02848 4.95226 4.50053 121.292
0.0499946 0.550007 5.14692 5.08745 4.61743 0.0464901 0.553925 5.16172 5.07893 4.61098 125.475
0.0499961 0.550005 5.28514 5.2137 4.72802 0.0473239 0.553756 5.29032 5.20562 4.72183 129.657
0.0499944 0.550006 5.42337 5.33995 4.8386 0.0465411 0.551859 5.42321 5.33173 4.83317 133.839
0.0499907 0.550007 5.5616 5.4662 4.94918 0.0448052 0.549449 5.56585 5.45859 4.94418 138.022
0.0499961 0.550003 5.69982 5.59244 5.05978 0.0465873 0.553539 5.71132 5.58694 5.05511 142.204
0.0499992 0.550001 5.83805 5.71869 5.17037 0.0489209 0.5598 5.84219 5.71439 5.16744 146.387
0.0499989 0.550001 5.97628 5.84494 5.28095 0.0471802 0.560413 5.96327 5.84077 5.28014 150.569
0.0499971 0.550004 6.11452 5.97119 5.39153 0.0426114 0.555672 6.09511 5.96738 5.39155 154.752
0.0499992 0.550001 6.25274 6.09744 5.50212 0.0385717 0.55003 6.25128 6.09511 5.50107 158.934
0.0499987 0.550002 0.107788 6.22369 5.6127 0.0375232 0.547895 0.140871 6.22381 5.60938 163.117
0.0499996 0.550001 0.246018 0.0667484 5.72328 0.0400557 0.551001 0.304197 0.0693108 5.718 167.299
0.0499969 0.550003 0.384249 0.192996 5.83386 0.0448198 0.557365 0.440056 0.196974 5.82833 171.482
0.0499988 0.550001 0.522479 0.319245 5.94445 0.0489576 0.562261 0.554572 0.323444 5.94078 175.664
0.0499991 0.550001 0.660709 0.445493 6.05503 0.0494311 0.561042 0.669572 0.449677 6.05433 179.847
0.0499952 0.550002 0.798945 0.571741 6.16562 0.0463158 0.554089 0.805481 0.577162 6.16703 184.029
0.0499938 0.550004 0.937174 0.69799 6.27621 0.04522 0.550299 0.955361 0.70549 6.2782 188.212
0.0499976 0.550002 1.0754 0.824239 0.103599 0.0473282 0.55197 1.0983 0.832266 0.106471 192.394
0.049982 0.550019 1.21361 0.95049 0.214285 0.0480246 0.552095 1.23362 0.958466 0.218116 196.577
0.0499977 0.550003 1.35185 1.07674 0.324766 0.0470905 0.550987 1.36493 1.08542 0.329067 200.759
0.0499963 0.550004 1.49008 1.20299 0.435355 0.0462147 0.551577 1.49713 1.21262 0.439519 204.942
0.0499958 0.550005 1.6283 1.32923 0.545937 0.0461422 0.553809 1.63371 1.33913 0.54996 209.124
0.0499963 0.550004 1.76654 1.45548 0.656514 0.0466176 0.555449 1.77436 1.46466 0.660485 213.307
0.0499969 0.550003 1.90477 1.58173 0.767091 0.0470878 0.554897 1.91708 1.5895 0.770861 217.489
0.0499972 0.550002 2.043 1.70798 0.877669 0.0472107 0.552435 2.06044 1.71421 0.880858 221.672
0.0499973 0.550002 2.18124 1.83423 0.98825 0.0470662 0.549689 2.20368 1.83937 0.990469 225.854
0.0499974 0.550002 2.31947 1.96047 1.09883 0.0470628 0.54837 2.34557 1.96527 1.09992 230.037
0.0499979 0.550002 2.4577 2.08672 1.20941 0.0475804 0.549212 2.48412 2.09177 1.20954 234.219
0.0499988 0.550001 2.59593 2.21297 1.31999 0.0486205 0.551656 2.61795 2.21841 1.31959 238.402
0.0499961 0.550004 2.73416 2.33922 1.43057 0.0497328 0.55434 2.74804 2.34465 1.43017 242.584
0.0500004 0.55 2.87239 2.46547 1.54115 0.050214 0.555815 2.87791 2.47027 1.54119 246.767
0.0499944 0.550006 3.01062 2.59172 1.65174 0.0495112 0.555071 3.01208 2.5955 1.65239 250.949
0.0499982 0.550002 3.14885 2.71796 1.76232 0.0479238 0.552013 3.15303 2.7211 1.76339 255.132
0.0499983 0.550001 3.28708 2.84421 1.8729 0.0472292 0.548157 3.29815 2.84779 1.87392 259.314
0.0499957 0.550004 3.42531 2.97046 1.98348 0.0491083 0.545975 3.44284 2.97512 1.98438 263.496
0.0500033 0.549997 3.56354 3.09671 2.09406 0.0520593 0.545724 3.58294 3.10203 2.09528 267.679
0.0500035 0.549997 3.70177 3.22296 2.20465 0.053207 0.545934 3.71486 3.22867 2.20636 271.861
0.0500016 0.549998 3.84 3.34921 2.31523 0.0517049 0.546408 3.84196 3.35562 2.31698 276.044
0.0499987 0.550001 3.97822 3.47545 2.42581 0.0490375 0.547925 3.97445 3.48268 2.42695 280.226
0.0499977 0.550003 4.11646 3.6017 2.53639 0.0473559 0.550405 4.12021 3.60895 2.53669 284.409
0.0499988 0.550002 4.25469 3.72795 2.64697 0.0474406 0.552711 4.27406 3.73401 2.64658 288.591
0.0499991 0.550002 4.39292 3.8542 2.75755 0.0485318 0.553925 4.42426 3.85832 2.75658 292.774
0.0499991 0.550003 4.53115 3.98045 2.86813 0.0496839 0.553815 4.56535 3.98256 2.86651 296.956
0.0499994 0.550002 4.66938 4.1067 2.97871 0.0504441 0.552599 4.6989 4.10719 2.97628 301.139
0.0499997 0.550001 4.80761 4.23294 3.0893 0.0507046 0.55079 4.82936 4.23231 3.08589 305.321
0.0499999 0.55 4.94584 4.35919 3.19988 0.0504798 0.54911 4.96194 4.35772 3.19541 309.504
0.0499997 0.55 5.08407 4.48544 3.31046 0.0498802 0.548262 5.10101 4.48311 3.30492 313.686
0.0499993 0.55 5.2223 4.61169 3.42102 0.0491909 0.548674 5.24765 4.60836 3.41452 317.869
0.0499987 0.55 5.36054 4.73794 3.53157 0.0488614 0.55037 5.39719 4.7337 3.52424 322.051
0.0499985 0.550001 5.49877 4.86418 3.64214 0.0492101 0.552831 5.54149 4.85953 3.6342 326.234
0.0499987 0.550002 5.63699 4.99043 3.75273 0.0496622 0.554288 5.67821 4.98569 3.74465 330.416
0.0499991 0.550003 5.77522 5.11668 3.86332 0.0486499 0.552079 5.81427 5.11166 3.85559 334.599
0.0499998 0.550003 5.91346 5.24293 3.97391 0.0475113 0.548828 5.95269 5.23829 3.96629 338.781
0.0500002 0.550002 6.05168 5.36918 4.08453 0.049097 0.550806 6.08671 5.36558 4.077 342.964
0.0500001 0.550001 6.18991 5.49543 4.19512 0.0499498 0.554285 6.21677 5.49222 4.18823 347.146
0.05 0.550001 0.0449562 5.62168 4.3057 0.0478696 0.554191 0.0714272 5.61836 4.29916 351.329
0.0499987 0.550002 0.183196 5.74793 4.41629 0.0446666 0.550566 0.22704 5.7448 4.40891 355.511
0.05 0.55 0.321416 5.87417 4.52687 0.0429211 0.546423 0.396614 5.87211 4.51739 359.694
0.0499999 0.55 0.459646 6.00042 4.63745 0.0439515 0.545076 0.561079 6.0003 4.62542 363.876
0.0499998 0.55 0.597877 6.12667 4.74803 0.0473609 0.548072 0.701377 6.12862 4.73433 368.059
0.0499997 0.55 0.736107 6.25292 4.85861 0.0513645 0.55403 0.815324 6.2561 4.84524 372.241
0.049993 0.550002 0.874382 0.0959829 4.96921 0.0535067 0.559006 0.918112 0.0991508 4.95834 376.424
0.0499983 0.55 1.01258 0.222229 5.07978 0.0519743 0.558834 1.03256 0.22484 5.07251 380.606
0.0499987 0.549999 1.1508 0.348477 5.19037 0.0480907 0.553857 1.17276 0.351576 5.18581 384.789
0.05 0.549999 1.28903 0.474725 5.30095 0.0469418 0.551712 1.32048 0.479591 5.29763 388.971
0.0500004 0.55 1.42726 0.600974 5.41153 0.04908 0.553952 1.45749 0.606636 5.40969 393.154
0.0500009 0.549999 1.56549 0.727222 5.52212 0.0503015 0.553516 1.59259 0.732725 5.52208 397.336
0.0500004 0.549999 1.70372 0.85347 5.6327 0.0498052 0.549686 1.72987 0.859357 5.63372 401.518
0.0500001 0.55 1.84195 0.979719 5.74327 0.0490568 0.546564 1.86902 0.986652 5.74442 405.701
0.0500001 0.55 1.98018 1.10597 5.85385 0.0490023 0.546883 2.00827 1.11379 5.85474 409.883
0.0500002 0.55 2.11841 1.23222 5.96444 0.0494715 0.549871 2.14557 1.24021 5.96519 414.066
0.0500004 0.55 2.25664 1.35846 6.07502 0.0499106 0.552817 2.28143 1.3659 6.07585 418.248
0.0500006 0.55 2.39487 1.48471 6.1856 0.0500561 0.553543 2.41863 1.49112 6.18654 422.431
0.0500008 0.549999 2.5331 1.61096 0.0129986 0.0500874 0.551798 2.55916 1.61625 0.0138569 426.613
0.0500018 0.549998 2.67133 1.73721 0.123582 0.0504044 0.549062 2.70167 1.74161 0.124127 430.796
0.0500048 0.549995 2.80955 1.86346 0.234165 0.0512086 0.547201 2.84212 1.86737 0.234328 434.978
0.0499995 0.550001 2.94779 1.98971 0.34474 0.0522274 0.547121 2.97747 1.99341 0.344682 439.161
0.0499992 0.550001 3.08602 2.11595 0.455322 0.0528823 0.548428 3.10864 2.11947 0.455328 443.343
0.0499992 0.550001 3.22425 2.2422 0.565905 0.0527202 0.549984 3.24006 2.24537 0.566259 447.526
0.0499994 0.550001 3.36248 2.36845 0.676487 0.0518091 0.550737 3.37653 2.37113 0.677346 451.708
0.0499996 0.55 3.50071 2.4947 0.787068 0.0509817 0.550524 3.51935 2.49705 0.78844 455.891
0.0499993 0.550001 3.63894 2.62095 0.897651 0.0514703 0.550258 3.6643 2.6233 0.899592 460.073
0.0499981 0.550002 3.77717 2.7472 1.00823 0.053447 0.550397 3.80491 2.74956 1.01112 464.256
0.0499967 0.550003 3.91539 2.87344 1.11882 0.0552388 0.549457 3.93683 2.87566 1.12311 468.438
0.0499962 0.550003 4.05361 2.99969 1.2294 0.055058 0.546055 4.05988 3.00241 1.23499 472.621
0.0499967 0.550002 4.19184 3.12594 1.33998 0.0532324 0.541755 4.18205 3.13058 1.34601 476.803
0.0499971 0.550002 4.33007 3.25219 1.45056 0.0524127 0.539964 4.31923 3.25911 1.45641 480.986
0.0499957 0.550004 4.46829 3.37844 1.56114 0.0542767 0.541193 4.47282 3.38604 1.56724 485.168
0.0500005 0.549999 4.60655 3.50469 1.67172 0.0571706 0.54298 4.62292 3.51128 1.67852 489.351
0.0500005 0.549999 4.74478 3.63093 1.78231 0.0589306 0.54405 4.76009 3.63591 1.78947 493.533
0.0500004 0.55 4.88301 3.75718 1.89289 0.058948 0.544693 4.88958 3.76058 1.89959 497.716
0.0499965 0.550004 5.02123 3.88343 2.00348 0.057738 0.545288 5.01916 3.8855 2.0089 501.898
0.0499978 0.550002 5.15947 4.00968 2.11406 0.0561267 0.545701 5.15332 4.01071 2.11776 506.081
0.0499986 0.550001 5.2977 4.13593 2.22464 0.0547575 0.545517 5.29271 4.13624 2.22654 510.263
0.049999 0.550001 5.43593 4.26218 2.33522 0.0539079 0.544561 5.43571 4.26204 2.33547 514.446
0.0499991 0.550001 5.57416 4.38842 2.44581 0.0535565 0.543318 5.58031 4.38796 2.44461 518.628
0.0499988 0.550001 5.71239 4.51467 2.55639 0.0536407 0.542985 5.72483 4.51387 2.55393 522.811
0.0499984 0.550002 5.85062 4.64092 2.66697 0.0543025 0.544766 5.86777 4.63994 2.66342 526.993
0.049998 0.550002 5.98885 4.76717 2.77756 0.0552703 0.547683 6.00959 4.76628 2.77338 531.175
0.0499984 0.550002 6.12708 4.89342 2.88813 0.0548139 0.547652 6.15219 4.89257 2.88389 535.358
0.0499988 0.550001 6.26531 5.01967 2.99871 0.0534612 0.545409 0.00848775 5.01895 2.99422 539.54
0.0499989 0.550001 0.120353 5.14591 3.10929 0.0532394 0.545786 0.14341 5.14519 3.10432 543.723
0.049999 0.550001 0.258583 5.27216 3.21987 0.0528953 0.547524 0.280894 5.27104 3.21436 547.905
0.0499992 0.550001 0.396814 5.39841 3.33045 0.0517685 0.547756 0.428134 5.39679 3.32393 552.088
0.0499991 0.550001 0.535045 5.52466 3.44103 0.0508507 0.545934 0.585585 5.52276 3.4327 556.27
0.0499986 0.550002 0.673278 5.65091 3.55162 0.0512689 0.543392 0.744812 5.64919 3.5408 560.453
0.0499982 0.550002 0.811514 5.77715 3.6622 0.0532953 0.542054 0.893267 5.77613 3.64883 564.635
0.049998 0.550003 0.94975 5.9034 3.77278 0.0561589 0.543178 1.02334 5.90326 3.75771 568.818
0.0499982 0.550003 1.08798 6.02965 3.88336 0.0583553 0.546383 1.13804 6.02996 3.86826 573
0.0499983 0.550003 1.22621 6.1559 3.99394 0.0582799 0.549474 1.25008 6.15582 3.98064 577.183
0.0499986 0.550002 1.36444 6.28215 4.10453 0.0552694 0.549804 1.37618 6.28122 4.09406 581.365
0.0499994 0.550001 1.50266 0.125212 4.21511 0.0511327 0.547658 1.52242 0.124356 4.207 585.548
0.0499982 0.550006 1.6409 0.251463 4.32572 0.0497645 0.548174 1.66716 0.252299 4.31879 589.73
0.0499987 0.550001 1.77912 0.377709 4.43627 0.0514537 0.552672 1.79552 0.379948 4.43072 593.913
0.0499976 0.550002 1.91735 0.503957 4.54685 0.0526796 0.555263 1.92178 0.506202 4.54335 598.095
0.0499981 0.550002 2.05558 0.630205 4.65743 0.052171 0.553304 2.0548 0.632231 4.65573 602.278
0.0499989 0.550001 2.19381 0.756454 4.76802 0.051193 0.549267 2.19486 0.75885 4.76725 606.46
0.0499988 0.550001 2.33203 0.882703 4.8786 0.0510845 0.546419 2.3387 0.885697 4.87808 610.643
0.0499978 0.550002 2.47026 1.00895 4.98918 0.0518653 0.545934 2.4809 1.01218 4.98867 614.825
0.0499967 0.550004 2.60849 1.1352 5.09976 0.052687 0.547163 2.61809 1.13815 5.0993 619.008
0.0499963 0.550004 2.74672 1.26145 5.21034 0.0528962 0.548913 2.75191 1.26378 5.21002 623.19
0.0499966 0.550003 2.88495 1.3877 5.32093 0.0525129 0.550201 2.88671 1.38929 5.32077 627.373
0.049997 0.550002 3.02319 1.51394 5.43151 0.0520714 0.55064 3.02514 1.5148 5.43149 631.555
0.0499969 0.550002 3.16142 1.64019 5.54209 0.0521029 0.550371 3.16564 1.64034 5.54217 635.738
0.0499961 0.550003 3.29965 1.76644 5.65268 0.0526321 0.549597 3.30423 1.7659 5.65286 639.92
0.0499954 0.550004 3.43788 1.89269 5.76326 0.0531429 0.548421 3.43903 1.89146 5.76359 644.103
0.0499957 0.550005 3.57611 2.01894 5.87385 0.0530535 0.547124 3.57241 2.0171 5.87432 648.285
0.0499969 0.550003 3.71434 2.14519 5.98443 0.052259 0.546311 3.70886 2.14299 5.98501 652.468
0.0499983 0.550002 3.85257 2.27143 6.09501 0.0513593 0.546791 3.85063 2.26931 6.09569 656.65
0.0499985 0.550002 3.9908 2.39768 6.20559 0.0512931 0.549192 3.99489 2.39601 6.20655 660.832
0.0499976 0.550002 4.12902 2.52393 0.03299 0.0522908 0.552828 4.13588 2.52261 0.0348159 665.015
0.0499966 0.550003 4.26725 2.65018 0.143574 0.0531726 0.554926 4.26964 2.64866 0.147087 669.197
0.0499973 0.550002 4.40547 2.77643 0.254152 0.0524342 0.552765 4.39565 2.7748 0.259705 673.38
0.0499991 0.550001 4.54371 2.90268 0.36473 0.0506205 0.547818 4.52075 2.90226 0.371714 677.562
0.0499991 0.550001 4.68194 3.02892 0.475312 0.0510288 0.545782 4.66098 3.03044 0.483258 681.745
0.0499977 0.550003 4.82016 3.15517 0.585894 0.0547386 0.547443 4.81067 3.15717 0.595716 685.927
0.049997 0.550004 4.95838 3.28142 0.696476 0.0583687 0.547931 4.9447 3.28262 0.708895 690.11
0.0499968 0.550005 5.09661 3.40767 0.807058 0.0594227 0.545808 5.06192 3.4082 0.821365 694.292
0.0499968 0.550005 5.23484 3.53392 0.91764 0.0579707 0.54309 5.17682 3.53449 0.932192 698.475
0.0499972 0.550004 5.37308 3.66017 1.02822 0.0553452 0.541891 5.30274 3.66126 1.04137 702.657
0.0499979 0.550003 5.51132 3.78642 1.13881 0.0530307 0.542816 5.44514 3.78797 1.14957 706.84
0.0499986 0.550002 5.64956 3.91266 1.24939 0.0519888 0.544941 5.59992 3.91432 1.25763 711.022
0.0499989 0.550001 5.78779 4.03891 1.35997 0.0522987 0.546624 5.75674 4.04028 1.36618 715.205
0.0499988 0.550001 5.92602 4.16516 1.47055 0.0532003 0.5466 5.90648 4.16604 1.47546 719.387
0.0499986 0.550001 6.06425 4.29141 1.58114 0.0537599 0.5451 6.04693 4.29183 1.58524 723.57
0.0499987 0.550001 6.20248 4.41766 1.69171 0.0541211 0.544412 6.18286 4.41793 1.69519 727.752
0.0499985 0.550002 0.0575226 4.5439 1.80229 0.0553755 0.546337 0.03841 4.54432 1.80533 731.935
0.049998 0.550002 0.195751 4.67015 1.91287 0.0560898 0.547071 0.181291 4.67068 1.9158 736.117
0.0499981 0.550002 0.333979 4.7964 2.02345 0.0550995 0.544493 0.323149 4.79708 2.02588 740.3
0.0499985 0.550001 0.472209 4.92265 2.13403 0.0542232 0.5427 0.464446 4.92327 2.13545 744.482
0.0499988 0.550001 0.61044 5.0489 2.24461 0.0539135 0.543093 0.60758 5.04922 2.24483 748.665
0.0499987 0.550001 0.74867 5.17515 2.3552 0.0539871 0.544313 0.75277 5.17512 2.35401 752.847
0.0499983 0.550002 0.886901 5.30139 2.46578 0.0545828 0.545046 0.898532 5.30096 2.46289 757.03
0.0499974 0.550003 1.02513 5.42764 2.57636 0.0558627 0.544891 1.04173 5.42662 2.57152 761.212
0.049996 0.550005 1.16337 5.55389 2.68694 0.0576523 0.544222 1.17891 5.55209 2.68015 765.395
0.0500004 0.549999 1.30159 5.68014 2.79753 0.0593213 0.543653 1.309 5.67737 2.78921 769.577
0.0500006 0.549999 1.43982 5.80639 2.90812 0.0599288 0.543428 1.43548 5.80242 2.89916 773.76
0.0500007 0.549999 1.57805 5.93264 3.0187 0.0586702 0.543057 1.56643 5.92727 3.01017 777.942
0.0500006 0.549999 1.71628 6.05888 3.12928 0.0556764 0.541805 1.71041 6.05237 3.12181 782.125
0.0499962 0.550003 1.85454 6.18513 3.23986 0.0528337 0.540377 1.86425 6.17882 3.23316 786.307
0.0499963 0.550003 1.99277 0.0281944 3.35044 0.052605 0.541609 2.00709 0.0239138 3.34385 790.489
0.0499952 0.550004 2.131 0.154443 3.46102 0.0543557 0.546107 2.13156 0.152299 3.45486 794.672
0.0499953 0.550004 2.26922 0.280691 3.5716 0.0551541 0.550247 2.25308 0.279242 3.56677 798.854
0.0499967 0.550003 2.40744 0.40694 3.68218 0.0539057 0.551476 2.38239 0.405304 3.67896 803.037
0.0499984 0.550001 2.54566 0.533189 3.79277 0.0519703 0.550762 2.52085 0.531474 3.7907 807.219
0.0499991 0.550001 2.68389 0.659438 3.90335 0.0511704 0.55012 2.66509 0.657793 3.90194 811.402
0.0499988 0.550001 2.82212 0.785686 4.01393 0.0517973 0.549852 2.80892 0.783866 4.013 815.584
0.0499983 0.550002 2.96035 0.911934 4.12451 0.0527971 0.549196 2.94715 0.909704 4.12403 819.767
0.0499981 0.550002 3.09858 1.03818 4.2351 0.053196 0.548051 3.07984 1.03555 4.23495 823.949
0.0499985 0.550002 3.23681 1.16443 4.34568 0.0527414 0.547156 3.21126 1.16149 4.34565 828.132
0.0499992 0.550001 3.37504 1.29068 4.45626 0.0517968 0.547411 3.34609 1.28742 4.45612 832.314
0.0499996 0.55 3.51327 1.41693 4.56685 0.050971 0.54913 3.48585 1.41315 4.56645 836.497
0.050003 0.549998 3.6515 1.54318 4.67742 0.0506385 0.551535 3.62782 1.53857 4.67684 840.679
0.0500024 0.549998 3.78973 1.66942 4.788 0.0506664 0.55298 3.76788 1.66379 4.78741 844.862
0.0500019 0.549998 3.92796 1.79567 4.89858 0.0506214 0.552142 3.9045 1.78907 4.89813 849.044
0.0500011 0.549999 4.06619 1.92192 5.00916 0.0502222 0.549278 4.03986 1.91473 5.00881 853.227
0.0500003 0.55 4.20443 2.04817 5.11975 0.0496508 0.546412 4.17724 2.04104 5.11928 857.409
0.0499999 0.55 4.34266 2.17442 5.23034 0.0494907 0.546104 4.31745 2.16805 5.22962 861.592
0.0500008 0.549999 4.48088 2.30067 5.34091 0.050095 0.549257 4.45791 2.29532 5.34029 865.774
0.0500023 0.549997 4.61912 2.42691 5.45148 0.0507425 0.553486 4.59585 2.42202 5.45186 869.957
0.0500012 0.549999 4.75735 2.55316 5.56207 0.0499258 0.5546 4.73026 2.54809 5.56429 874.139
0.0499996 0.55 4.89557 2.67941 5.67267 0.0477268 0.552019 4.86409 2.67486 5.67656 878.322
0.0500002 0.549999 5.0338 2.80566 5.78325 0.0479085 0.552246 5.00839 2.80284 5.78835 882.504
0.0499994 0.549999 5.17203 2.93191 5.89382 0.0517063 0.556759 5.15372 2.92985 5.90129 886.687
0.0499964 0.549997 5.31024 3.05815 6.00439 0.0543834 0.558058 5.2752 3.05554 6.01541 890.869
0.0499934 0.549995 5.44846 3.1844 6.11498 0.0534585 0.55408 5.37937 3.18149 6.12886 895.052
0.0499937 0.549994 5.58669 3.31064 6.22557 0.0500308 0.548272 5.48795 3.30861 6.2403 899.234
0.049996 0.549993 5.72492 3.43689 0.0529607 0.0463783 0.544634 5.61869 3.43668 0.0664283 903.417
0.0499995 0.549994 5.86316 3.56314 0.163536 0.0444757 0.545032 5.77536 3.5648 0.174528 907.599
0.0500016 0.549997 6.00141 3.6894 0.274121 0.0451826 0.548536 5.94435 3.6922 0.282697 911.782
0.050001 0.549999 6.13965 3.81565 0.384713 0.0477905 0.552304 6.10577 3.81872 0.391885 915.964
0.0500012 0.55 6.27788 3.9419 0.495299 0.0501745 0.553356 6.25005 3.94477 0.502278 920.146
0.0500022 0.549999 0.132925 4.06814 0.605888 0.0502127 0.550862 0.0991162 4.07106 0.613273 924.329
0.0500022 0.55 0.271154 4.19439 0.716486 0.0487048 0.548381 0.231053 4.19799 0.724006 928.511
0.0500022 0.549999 0.409386 4.32064 0.827086 0.0492723 0.550664 0.368486 4.32475 0.83458 932.694
0.0500024 0.549998 0.547622 4.44689 0.937708 0.0506185 0.553368 0.506584 4.45077 0.945464 936.876
0.0500018 0.549997 0.68585 4.57314 1.04829 0.0503637 0.55205 0.644384 4.57689 1.05596 941.059
0.0500011 0.549998 0.824076 4.69938 1.15884 0.0498798 0.549232 0.788021 4.70282 1.16588 945.241
0.0500005 0.549999 0.962304 4.82563 1.2694 0.0500459 0.547335 0.936918 4.82831 1.27551 949.424
0.0500002 0.55 1.10053 4.95188 1.37997 0.0506838 0.547001 1.08386 4.95373 1.38501 953.606
0.0500002 0.55 1.23876 5.07813 1.49055 0.0514113 0.548006 1.22391 5.07927 1.49444 957.789
0.0500003 0.550001 1.37699 5.20438 1.60114 0.0519652 0.549709 1.35743 5.20477 1.60388 961.971
0.0500006 0.550001 1.51523 5.33063 1.71172 0.052191 0.551336 1.48791 5.32989 1.71339 966.154
0.050001 0.550001 1.65345 5.45688 1.8223 0.0519429 0.552251 1.61976 5.45447 1.82308 970.336
0.050001 0.550001 1.79168 5.58312 1.93287 0.0510922 0.55209 1.75752 5.57859 1.933 974.519
0.0500001 0.55 1.92991 5.70937 2.04345 0.0497805 0.550729 1.90465 5.70267 2.0431 978.701
0.0499996 0.55 2.06815 5.83562 2.15403 0.0488095 0.548352 2.05942 5.82744 2.15316 982.884
0.0499997 0.55 2.20638 5.96187 2.26461 0.0494267 0.54581 2.21057 5.95361 2.26296 987.066
0.0499998 0.55 2.3446 6.08812 2.37519 0.0517666 0.54448 2.34699 6.08103 2.37275 991.249
0.0499996 0.55 2.48283 6.21436 2.48578 0.0539244 0.544747 2.47293 6.20855 2.48313 995.431
0.0499996 0.55 2.62106 0.0574277 2.59636 0.0538046 0.545484 2.60053 0.052253 2.59421 999.614
0.0499999 0.55 2.75929 0.183676 2.70694 0.0513294 0.546052 2.73654 0.178912 2.70543 1003.8
0.0499978 0.550002 2.89752 0.309924 2.81752 0.0487814 0.547599 2.87969 0.30589 2.81625 1007.98
0.0499953 0.550004 3.03575 0.436171 2.92811 0.048436 0.550838 3.02532 0.43263 2.92688 1012.16
0.0499987 0.550001 3.17398 0.562421 3.03869 0.0497142 0.55393 3.16826 0.55847 3.03782 1016.34
0.0500019 0.549998 3.31221 0.688671 3.14927 0.0507436 0.554957 3.30445 0.683824 3.14902 1020.53
0.0500013 0.549999 3.45044 0.814919 3.25985 0.0507023 0.553669 3.43492 0.809427 3.26013 1024.71
0.0499979 0.550002 3.58867 0.941166 3.37043 0.0498141 0.551025 3.56409 0.935605 3.37086 1028.89
0.0499996 0.55 3.7269 1.06741 3.48101 0.0486971 0.548556 3.69641 1.06219 3.48109 1033.07
0.0499993 0.55 3.86513 1.19366 3.59159 0.047903 0.547746 3.83401 1.18868 3.59087 1037.26
0.049999 0.550001 4.00336 1.31991 3.70217 0.0476254 0.549223 3.97596 1.31462 3.70044 1041.44
0.0499988 0.550001 4.14159 1.44616 3.81276 0.04763 0.552205 4.1196 1.43983 3.81013 1045.62
0.0499985 0.550001 4.27983 1.57241 3.92334 0.0475146 0.554816 4.26272 1.5646 3.92019 1049.8
0.0499981 0.550002 4.41806 1.69866 4.03391 0.0470991 0.555289 4.40434 1.68949 4.03063 1053.99
0.0499978 0.550002 4.55629 1.8249 4.14449 0.0466099 0.553335 4.54389 1.81503 4.14119 1058.17
0.0499981 0.550002 4.69452 1.95115 4.25507 0.0465546 0.550698 4.68055 1.94153 4.25164 1062.35
0.0499988 0.550001 4.83275 2.0774 4.36566 0.047287 0.549922 4.81412 2.06877 4.36204 1066.53
0.0499893 0.550011 4.97098 2.20365 4.47617 0.0483048 0.551478 4.94674 2.19589 4.47289 1070.72
0.0499858 0.550012 5.1092 2.3299 4.58674 0.0480291 0.552426 5.08193 2.32221 4.58454 1074.9
0.049997 0.550002 5.24743 2.45615 4.6974 0.0458798 0.550874 5.22262 2.44868 4.69628 1079.08
0.0499958 0.550002 5.38566 2.5824 4.80799 0.0458364 0.552847 5.37186 2.57677 4.80749 1083.26
0.049999 0.550001 5.52389 2.70864 4.91858 0.0491755 0.559884 5.51411 2.70453 4.91991 1087.45
0.0499992 0.550001 5.66212 2.83489 5.02916 0.0500996 0.562683 5.63222 2.83082 5.03364 1091.63
0.0499979 0.550002 5.80035 2.96114 5.13974 0.0469025 0.558773 5.74126 2.95706 5.14671 1095.81
0.0499961 0.550005 5.93858 3.08739 5.25032 0.0420502 0.55218 5.86524 3.08441 5.25774 1099.99
0.0499993 0.550001 6.07681 3.21364 5.36091 0.0385702 0.5479 6.01785 3.21291 5.36677 1104.18
0.0499993 0.550001 6.21504 3.33988 5.47149 0.0383435 0.548656 6.19002 3.34167 5.47497 1108.36
0.0499975 0.550004 0.070085 3.46613 5.58207 0.0414533 0.55355 0.0725296 3.46963 5.58392 1112.54
0.049999 0.550001 0.208318 3.59238 5.69265 0.0460277 0.55873 0.215207 3.59645 5.69459 1116.72
0.0499996 0.55 0.346548 3.71863 5.80324 0.0488229 0.559656 0.340737 3.72278 5.80678 1120.91
0.0499984 0.550001 0.484777 3.84488 5.91382 0.047533 0.554685 0.467844 3.84985 5.91914 1125.09
0.0499938 0.550005 0.623002 3.97113 6.02442 0.045004 0.549523 0.608733 3.97808 6.03027 1129.27
0.0499945 0.550005 0.761228 4.09738 6.13501 0.0460709 0.551207 0.752203 4.10535 6.14104 1133.45
0.0499966 0.550004 0.899459 4.22362 6.24558 0.0473581 0.554071 0.886646 4.23141 6.25231 1137.64
0.0499958 0.550005 1.03768 4.34987 0.0729887 0.0468143 0.554588 1.01553 4.35788 0.0800548 1141.82
0.0499946 0.550006 1.17591 4.47612 0.183579 0.046039 0.554512 1.14857 4.48445 0.19052 1146
0.0499948 0.550005 1.31414 4.60237 0.294156 0.0460205 0.554446 1.29082 4.61029 0.300824 1150.18
0.0499958 0.550004 1.45237 4.72862 0.404728 0.046577 0.553831 1.43822 4.73534 0.411015 1154.37
0.0499963 0.550003 1.59061 4.85487 0.515304 0.047085 0.552639 1.58387 4.86004 0.52097 1158.55
0.0499956 0.550004 1.72884 4.98112 0.625884 0.0470369 0.551604 1.72458 4.98493 0.630631 1162.73
0.0499928 0.550007 1.86706 5.10737 0.736468 0.0463164 0.551512 1.8617 5.11027 0.740076 1166.91
0.0499984 0.550002 2.00531 5.23361 0.847037 0.0452364 0.552602 1.9987 5.23605 0.849465 1171.1
0.0499973 0.550003 2.14354 5.35986 0.957619 0.0443957 0.554441 2.13821 5.36202 0.958967 1175.28
0.0499966 0.550004 2.28177 5.48611 1.0682 0.0444123 0.556211 2.27983 5.48792 1.06871 1179.46
0.049997 0.550003 2.42 5.61236 1.17878 0.0455575 0.557168 2.42017 5.61358 1.17879 1183.64
0.0499982 0.550002 2.55823 5.7386 1.28936 0.0473975 0.556943 2.55635 5.73895 1.28925 1187.83
0.0499942 0.550006 2.69647 5.86485 1.39995 0.0487637 0.555494 2.68972 5.8641 1.40009 1192.01
0.0499986 0.550001 2.83469 5.9911 1.51053 0.0483369 0.552897 2.82522 5.98934 1.51114 1196.19
0.0499956 0.550004 2.97292 6.11735 1.62111 0.0458727 0.549589 2.96639 6.11546 1.62191 1200.37
0.0499983 0.550001 3.11115 6.2436 1.73169 0.0435881 0.547235 3.11008 6.24319 1.73194 1204.56
0.0499988 0.550001 3.24938 0.0866597 1.84227 0.0445212 0.547938 3.25345 0.0883118 1.84169 1208.74
0.0499977 0.550002 3.38761 0.212909 1.95285 0.0473875 0.550904 3.39659 0.215259 1.95211 1212.92
0.049995 0.550005 3.52583 0.339157 2.06344 0.0489336 0.553925 3.53475 0.340878 2.06308 1217.1
0.0499989 0.550001 3.66407 0.465404 2.17402 0.0482758 0.556052 3.66843 0.466058 2.17405 1221.29
0.0499977 0.550003 3.8023 0.591653 2.2846 0.0464195 0.557097 3.80291 0.591312 2.28468 1225.47
0.0499967 0.550004 3.94053 0.717901 2.39518 0.0447718 0.556964 3.94187 0.716783 2.39492 1229.65
0.0499969 0.550004 4.07876 0.844149 2.50576 0.0441847 0.555727 4.08407 0.842485 2.50483 1233.83
0.0499979 0.550002 4.21699 0.970397 2.61634 0.0446915 0.553872 4.22539 0.968356 2.61447 1238.02
0.0499989 0.550001 4.35522 1.09665 2.72693 0.0457776 0.552207 4.36346 1.09422 2.72392 1242.2
0.0499949 0.550005 4.49347 1.22289 2.8375 0.0467877 0.551459 4.49962 1.21981 2.83333 1246.38
0.0499966 0.550003 4.63169 1.34914 2.94808 0.047235 0.551858 4.63749 1.34496 2.94285 1250.56
0.0499966 0.550003 4.76992 1.47539 3.05866 0.0469978 0.55297 4.7802 1.46974 3.05262 1254.75
0.0499958 0.550004 4.90816 1.60164 3.16923 0.0463863 0.553991 4.92742 1.59453 3.16267 1258.93
0.0499951 0.550005 5.04639 1.72789 3.27981 0.0460077 0.554438 5.07386 1.71985 3.2729 1263.11
0.0499954 0.550005 5.18462 1.85413 3.39039 0.0463773 0.554604 5.21253 1.84604 3.38323 1267.29
0.0499966 0.550004 5.32284 1.98038 3.50098 0.0472337 0.554674 5.34285 1.97265 3.49386 1271.48
0.0499964 0.550004 5.46107 2.10663 3.61157 0.0470556 0.553168 5.47318 2.09884 3.605 1275.66
0.0499938 0.550006 5.5993 2.23288 3.72214 0.0452524 0.549753 5.61187 2.2252 3.7161 1279.84
0.0499965 0.550003 5.73753 2.35913 3.83274 0.0459266 0.551124 5.756 2.35318 3.82678 1284.02
0.0499993 0.550001 5.87575 2.48538 3.94333 0.0486308 0.557313 5.89025 2.48098 3.9385 1288.21
0.0499995 0.550001 6.01398 2.61163 4.05391 0.0479791 0.559752 6.01464 2.60755 4.05093 1292.39
0.0499986 0.550002 6.15221 2.73788 4.16449 0.0439718 0.556462 6.14712 2.73397 4.16247 1296.57
0.0499997 0.55 0.00725699 2.86412 4.27508 0.0397845 0.550886 0.0186807 2.86127 4.27225 1300.75
0.0499993 0.550001 0.145487 2.99037 4.38566 0.0381581 0.547567 0.190823 2.98967 4.38067 1304.94
0.0499997 0.55 0.283717 3.11662 4.49624 0.0400499 0.549212 0.356082 3.11845 4.48905 1309.12
0.0499971 0.550003 0.421949 3.24287 4.60682 0.0444845 0.555069 0.494136 3.2465 4.59892 1313.3
0.0499987 0.550001 0.560178 3.36912 4.71741 0.0489382 0.561131 0.607762 3.37326 4.711 1317.48
0.0499937 0.550005 0.698441 3.49536 4.82799 0.0503542 0.56232 0.717454 3.49931 4.82465 1321.66
0.049998 0.550001 0.836642 3.62161 4.93857 0.0476823 0.556742 0.846334 3.62613 4.93803 1325.85
0.0499961 0.550002 0.974875 3.74786 5.04916 0.0453165 0.551088 0.995429 3.75437 5.04971 1330.03
0.0499985 0.550001 1.1131 3.87411 5.15974 0.0470046 0.551773 1.14075 3.88175 5.1611 1334.21
0.0499905 0.550009 1.25133 4.00036 5.27039 0.048512 0.552349 1.27859 4.00791 5.27299 1338.39
0.0499891 0.550012 1.38954 4.12661 5.38099 0.0480063 0.550505 1.41257 4.13459 5.38431 1342.58
0.0499987 0.550001 1.52778 4.25286 5.49149 0.0469794 0.549661 1.54553 4.2619 5.49489 1346.76
0.0499982 0.550002 1.66601 4.3791 5.60207 0.0466017 0.551479 1.68045 4.38891 5.60526 1350.94
0.0499983 0.550002 1.80424 4.50535 5.71265 0.0469112 0.554237 1.81824 4.51502 5.71578 1355.12
0.0499986 0.550001 1.94247 4.6316 5.82323 0.0474149 0.555377 1.95842 4.64026 5.82634 1359.31
0.0499989 0.550001 2.08071 4.75785 5.93381 0.0477037 0.553918 2.10052 4.76504 5.93666 1363.49
0.0499991 0.550001 2.21894 4.8841 6.04439 0.0477415 0.55088 2.24402 4.88995 6.04658 1367.67
0.0499994 0.55 2.35717 5.01035 6.15497 0.0478465 0.548276 2.38735 5.01545 6.15621 1371.85
0.0499996 0.55 2.4954 5.13659 6.26555 0.0483824 0.547677 2.52773 5.14165 6.26586 1376.04
0.0499968 0.550002 2.63363 5.26284 0.0929552 0.0493859 0.54928 2.66291 5.26823 0.0926535 1380.22
0.05 0.55 2.77186 5.38909 0.203532 0.0504648 0.552001 2.79333 5.39467 0.203121 1384.4
0.0500018 0.549999 2.91009 5.51534 0.314114 0.051001 0.554234 2.92245 5.5206 0.314052 1388.58
0.0500009 0.549999 3.04832 5.64159 0.424696 0.0505153 0.554609 3.05514 5.64605 0.425245 1392.77
0.0499979 0.550002 3.18655 5.76784 0.535277 0.0492166 0.552613 3.1947 5.77154 0.53637 1396.95
0.0499976 0.550002 3.32478 5.89408 0.645857 0.0485226 0.549262 3.33962 5.89778 0.647169 1401.13
0.0499996 0.55 3.46301 6.02033 0.756441 0.0500448 0.546792 3.48464 6.02469 0.757867 1405.31
0.0499995 0.55 3.60124 6.14658 0.867023 0.0529044 0.545859 3.62472 6.15147 0.868944 1409.5
0.0499996 0.55 3.73947 6.27283 0.977605 0.054406 0.545085 3.75611 6.27813 0.98023 1413.68
0.05 0.55 3.8777 0.115891 1.08819 0.0532798 0.544157 3.88118 0.1222 1.09105 1417.86
0.05 0.55 4.01593 0.24214 1.19877 0.0507495 0.544344 4.01037 0.249941 1.20109 1422.04
0.0500022 0.549906 4.15386 0.36837 1.30933 0.0491885 0.546293 4.15443 0.376974 1.31082 1426.23
0.0499997 0.55 4.29239 0.494637 1.41993 0.0495758 0.548924 4.3094 0.502471 1.42078 1430.41
0.0500013 0.55 4.43062 0.620884 1.53051 0.0509296 0.550953 4.46132 0.626812 1.53093 1434.59
0.0500022 0.55 4.56885 0.747131 1.64109 0.0520668 0.551869 4.60358 0.750817 1.64098 1438.77
0.0500017 0.550001 4.70707 0.87338 1.75166 0.0525567 0.55164 4.73789 0.875087 1.75078 1442.96
0.0500011 0.550001 4.8453 0.999629 1.86224 0.0524753 0.550451 4.86856 0.999896 1.86036 1447.14
0.0500006 0.55 4.98354 1.12588 1.97282 0.0520113 0.548742 4.99998 1.12522 1.96981 1451.32
0.0500004 0.55 5.12177 1.25213 2.08341 0.0513204 0.547215 5.13611 1.2508 2.07921 1455.5
0.0500005 0.549999 5.26 1.37837 2.19398 0.0505877 0.546652 5.27931 1.37633 2.18864 1459.69
0.0500011 0.549998 5.39822 1.50462 2.30455 0.0501218 0.547615 5.42782 1.50176 2.29816 1463.87
0.050002 0.549997 5.53645 1.63087 2.4151 0.0502716 0.550094 5.57509 1.62744 2.40786 1468.05
0.0499999 0.55 5.67469 1.75712 2.52576 0.050862 0.552755 5.71588 1.75353 2.51798 1472.23
0.0500034 0.549998 5.81291 1.88337 2.63627 0.0504496 0.552431 5.85358 1.87957 2.62872 1476.42
0.0500025 0.549999 5.95115 2.00962 2.74689 0.0489302 0.548971 5.99229 2.00583 2.73949 1480.6
0.0500028 0.549999 6.08938 2.13586 2.85749 0.0495481 0.548936 6.1272 2.13279 2.85002 1484.78
0.0500024 0.549999 6.22761 2.26211 2.96808 0.0506725 0.552045 6.25806 2.25939 2.9609 1488.96
0.0500011 0.549999 0.0826528 2.38836 3.07867 0.0494279 0.553045 0.111741 2.38546 3.07167 1493.15
0.0500017 0.549998 0.220886 2.51461 3.18926 0.0467119 0.550531 0.264358 2.51162 3.18149 1497.33
0.0500021 0.549994 0.359129 2.64086 3.29985 0.0448759 0.546547 0.431207 2.63848 3.29011 1501.51
0.05 0.55 0.497346 2.76711 3.41041 0.0454314 0.544196 0.596521 2.76622 3.39808 1505.69
0.0499971 0.549991 0.635601 2.89337 3.521 0.0483198 0.545613 0.741525 2.8944 3.50658 1509.88
0.049995 0.549992 0.773827 3.01961 3.63158 0.0520991 0.55053 0.860465 3.0221 3.61678 1514.06
0.0499956 0.549994 0.912056 3.14586 3.74217 0.0545592 0.555995 0.964444 3.14865 3.7292 1518.24
0.0499985 0.549996 1.05027 3.2721 3.85275 0.0537545 0.557843 1.07433 3.27428 3.84317 1522.42
0.05 0.549999 1.1885 3.39835 3.96332 0.0499485 0.554445 1.20804 3.40038 3.95694 1526.61
0.0499999 0.55 1.32673 3.5246 4.0739 0.0473746 0.551251 1.35661 3.52806 4.06918 1530.79
0.0499996 0.55 1.46496 3.65085 4.18448 0.0488076 0.553331 1.49461 3.65567 4.18106 1534.97
0.0500026 0.549997 1.60318 3.77709 4.29509 0.0506411 0.554798 1.62736 3.78193 4.29358 1539.15
0.0500021 0.549997 1.74141 3.90334 4.40567 0.0506492 0.551899 1.76318 3.90817 4.40572 1543.34
0.0500004 0.55 1.87965 4.02959 4.51623 0.0498544 0.547583 1.90257 4.03519 4.51688 1547.52
0.05 0.55 2.01787 4.15584 4.62681 0.0495866 0.54572 2.04359 4.16242 4.62735 1551.7
0.0500009 0.549999 2.15611 4.28209 4.7374 0.0500254 0.547271 2.18295 4.28915 4.73771 1555.88
0.0500021 0.549998 2.29434 4.40834 4.84799 0.0505901 0.550411 2.31918 4.41516 4.84828 1560.07
0.0500029 0.549997 2.43257 4.53458 4.95857 0.0508221 0.552618 2.4545 4.54063 4.95901 1564.25
0.0500033 0.549997 2.5708 4.66083 5.06915 0.0507637 0.552523 2.59229 4.66586 5.0697 1568.43
0.0500046 0.549996 2.70903 4.78708 5.17973 0.0508253 0.550575 2.73341 4.79116 5.18021 1572.61
0.0499994 0.550001 2.84726 4.91333 5.2903 0.0513686 0.548349 2.87488 4.91671 5.29058 1576.8
0.0499987 0.550001 2.98549 5.03958 5.40089 0.0523025 0.547187 3.01265 5.04252 5.40097 1580.98
0.049998 0.550002 3.12372 5.16583 5.51147 0.0530903 0.547399 3.14568 5.16845 5.51154 1585.16
0.0499979 0.550003 3.26195 5.29207 5.62205 0.0531716 0.5484 3.27714 5.29433 5.62234 1589.34
0.0499983 0.550002 3.40018 5.41832 5.73263 0.0524235 0.549333 3.41203 5.42016 5.73331 1593.53
0.0499989 0.550001 3.53841 5.54457 5.84322 0.0514366 0.549805 3.55314 5.54609 5.84434 1597.71
0.0499989 0.550001 3.67664 5.67082 5.9538 0.0513541 0.550313 3.69795 5.67232 5.95544 1601.89
0.0499976 0.550002 3.81486 5.79707 6.06438 0.0527804 0.55133 3.84018 5.79863 6.06688 1606.07
0.0499958 0.550004 3.95309 5.92332 6.17497 0.0546169 0.551573 3.9747 5.92467 6.17889 1610.26
0.0499949 0.550004 4.0913 6.04957 0.0023616 0.0549625 0.548994 4.0999 6.05096 0.0079194 1614.44
0.0499956 0.550003 4.22953 6.17581 0.112941 0.0534218 0.54411 4.22075 6.17856 0.119497 1618.62
0.0499966 0.550003 4.36777 0.0188767 0.223521 0.0522823 0.540725 4.3524 0.0240034 0.230257 1622.8
0.0500005 0.55 4.50602 0.145123 0.334102 0.053974 0.541025 4.50297 0.151533 0.341263 1626.99
0.0500007 0.549999 4.64425 0.271372 0.444684 0.0573088 0.54258 4.65364 0.277226 0.452951 1631.17
0.0500006 0.549999 4.78248 0.39762 0.555266 0.0596477 0.543265 4.7902 0.402146 0.564476 1635.35
0.0500005 0.549999 4.92071 0.523868 0.665848 0.0599583 0.543333 4.91717 0.527134 0.675057 1639.53
0.0500004 0.55 5.05894 0.650117 0.77643 0.0586851 0.543623 5.04416 0.652377 0.784562 1643.72
0.0499965 0.550004 5.19716 0.776368 0.88702 0.0568035 0.544324 5.17748 0.777812 0.89334 1647.9
0.0499978 0.550002 5.3354 0.902615 0.997602 0.0551729 0.54494 5.31827 0.903401 1.00188 1652.08
0.0499985 0.550001 5.47363 1.02886 1.10818 0.0542257 0.544824 5.46375 1.02915 1.11058 1656.26
0.0499987 0.550001 5.61186 1.15511 1.21877 0.0539381 0.543826 5.60993 1.15503 1.21959 1660.45
0.0499986 0.550001 5.75009 1.28136 1.32935 0.0540725 0.542725 5.75423 1.28094 1.32887 1664.63
0.0499983 0.550002 5.88832 1.40761 1.43993 0.0546185 0.543102 5.89608 1.40697 1.43833 1668.81
0.049998 0.550002 6.02655 1.53386 1.55051 0.0557407 0.545624 6.03703 1.5333 1.54809 1672.99
0.0499982 0.550002 6.16478 1.6601 1.66109 0.0561766 0.547077 6.1798 1.65969 1.65842 1677.18
0.0499986 0.550001 0.0198224 1.78635 1.77167 0.0548787 0.54511 0.038255 1.78609 1.76877 1681.36
0.0499986 0.550001 0.158052 1.9126 1.88225 0.0540339 0.544224 0.175184 1.91239 1.87875 1685.54
0.0499986 0.550001 0.296282 2.03885 1.99283 0.0536768 0.545595 0.312543 2.03831 1.98862 1689.72
0.0499988 0.550001 0.434512 2.1651 2.10341 0.0529219 0.546623 0.457036 2.16406 2.09819 1693.91
0.0499987 0.550001 0.572744 2.29134 2.21399 0.0522362 0.545896 0.610412 2.28988 2.20713 1698.09
0.0499982 0.550002 0.710977 2.41759 2.32458 0.0525521 0.543913 0.767045 2.41597 2.31542 1702.27
0.0499973 0.550003 0.849213 2.54384 2.43516 0.0542554 0.542181 0.916678 2.54244 2.42345 1706.45
0.0499967 0.550005 0.987453 2.67009 2.54574 0.0568406 0.542109 1.0514 2.66916 2.532 1710.64
0.0499964 0.550006 1.12569 2.79634 2.65632 0.0590645 0.544022 1.17144 2.7957 2.64185 1714.82
0.0499965 0.550005 1.26392 2.92258 2.76691 0.0594387 0.546626 1.28613 2.92162 2.75341 1719
0.0499969 0.550004 1.40215 3.04883 2.87749 0.0570657 0.547623 1.41031 3.04699 2.8663 1723.18
0.0499981 0.550002 1.54037 3.17508 2.98807 0.052943 0.546146 1.55382 3.17284 2.97925 1727.37
0.0499993 0.550001 1.67859 3.30133 3.09865 0.0505042 0.545728 1.70254 3.3004 3.09114 1731.55
0.0499981 0.550001 1.81683 3.42758 3.20923 0.0515298 0.549767 1.83412 3.42855 3.20271 1735.73
0.0499965 0.550003 1.95506 3.55383 3.31981 0.0531288 0.554125 1.95768 3.55536 3.31506 1739.91
0.0499967 0.550003 2.09328 3.68008 3.43039 0.0530056 0.554372 2.08665 3.6813 3.42763 1744.1
0.049998 0.550002 2.23151 3.80633 3.54097 0.0518222 0.551297 2.22379 3.80757 3.53956 1748.28
0.0499985 0.550002 2.36973 3.93257 3.65156 0.0512068 0.548056 2.36689 3.93426 3.65072 1752.46
0.0499977 0.550003 2.50796 4.05882 3.76214 0.0517363 0.546513 2.51078 4.06081 3.76148 1756.64
0.0499962 0.550004 2.64619 4.18507 3.87272 0.0527131 0.546597 2.6503 4.18691 3.87217 1760.83
0.0499953 0.550005 2.78442 4.31132 3.9833 0.0532395 0.547576 2.78487 4.31268 3.98289 1765.01
0.0499956 0.550004 2.92265 4.43757 4.09389 0.0530107 0.548796 2.91826 4.43828 4.09362 1769.19
0.0499965 0.550003 3.06088 4.56382 4.20447 0.0523875 0.549844 3.05455 4.56385 4.20432 1773.37
0.0499971 0.550002 3.19911 4.69006 4.31506 0.0520013 0.550536 3.19438 4.68941 4.315 1777.56
0.049997 0.550002 3.33735 4.81631 4.42564 0.0521797 0.550672 3.33449 4.81493 4.42569 1781.74
0.0499966 0.550003 3.47558 4.94256 4.53622 0.0526505 0.549934 3.47141 4.94042 4.53643 1785.92
0.0499966 0.550003 3.61381 5.06881 4.64681 0.0528142 0.548319 3.60537 5.06595 4.64718 1790.1
0.0499974 0.550003 3.75204 5.19506 4.75739 0.0523086 0.546527 3.74018 5.1917 4.75786 1794.29
0.0499985 0.550002 3.89027 5.32131 4.86797 0.0514076 0.54578 3.87956 5.31789 4.86844 1798.47
0.0499991 0.550001 4.0285 5.44755 4.97855 0.0509402 0.547239 4.02303 5.4446 4.97907 1802.65
0.0499987 0.550001 4.16672 5.5738 5.08913 0.0515024 0.550938 4.16579 5.57146 5.09012 1806.83
0.049998 0.550002 4.30495 5.70005 5.19972 0.0524588 0.554624 4.30309 5.69783 5.20202 1811.02
0.0499981 0.550002 4.44318 5.8263 5.3103 0.0522346 0.554784 4.43307 5.82379 5.31463 1815.2
0.0500047 0.549997 4.58144 5.95255 5.42086 0.0504096 0.550736 4.55873 5.95057 5.42704 1819.38
0.0500003 0.550005 4.71964 6.07878 5.53142 0.0497198 0.547594 4.69385 6.07864 5.53874 1823.56
0.0499992 0.550001 4.85787 6.20504 5.64204 0.0527593 0.549094 4.84301 6.20594 5.65101 1827.75
0.0499987 0.550002 4.99609 0.0481079 5.75262 0.056814 0.550571 4.98058 0.048465 5.76441 1831.93
0.0499985 0.550003 5.13432 0.174357 5.8632 0.0584833 0.548682 5.09773 0.173969 5.87759 1836.11
0.0499983 0.550003 5.27255 0.300606 5.97379 0.0572848 0.545032 5.20836 0.30026 5.98922 1840.29
0.0499983 0.550003 5.41078 0.426854 6.08437 0.0545128 0.54245 5.32875 0.427292 6.09896 1844.48
0.0499985 0.550002 5.54902 0.553102 6.19495 0.0518557 0.542441 5.46777 0.554471 6.20734 1848.66
0.049999 0.550001 5.68725 0.67935 0.022347 0.0505596 0.544583 5.6232 0.681257 0.0321029 1852.84
0.0499993 0.550001 5.82549 0.805598 0.132929 0.0509249 0.547133 5.78367 0.807488 0.140462 1857.02
0.0499992 0.550001 5.96372 0.931846 0.243511 0.0521844 0.548199 5.93718 0.93333 0.249639 1861.21
0.049999 0.550001 6.10195 1.05809 0.354094 0.0530341 0.547077 6.07921 1.05909 0.35952 1865.39
0.0499989 0.550001 6.24018 1.18434 0.464674 0.0530554 0.545457 6.21415 1.18512 0.46965 1869.57
0.0499988 0.550001 0.0952222 1.31059 0.575253 0.0537316 0.546471 0.0672632 1.3115 0.579829 1873.75
0.0499981 0.550002 0.23345 1.43684 0.685828 0.0550657 0.548467 0.208762 1.4378 0.69034 1877.94
0.0499981 0.550002 0.371678 1.56309 0.796406 0.0547132 0.546752 0.350951 1.56412 0.800673 1882.12
0.0499987 0.550001 0.509908 1.68934 0.90699 0.0537746 0.543893 0.493167 1.69035 0.910384 1886.3
0.049999 0.550001 0.648139 1.81558 1.01757 0.0534193 0.543016 0.637266 1.8163 1.01978 1890.48
0.0499991 0.550001 0.786369 1.94183 1.12816 0.0535694 0.543871 0.782095 1.9422 1.12903 1894.67
0.049999 0.550001 0.9246 2.06808 1.23874 0.0541612 0.545134 0.925846 2.06809 1.2381 1898.85
0.0499984 0.550001 1.06283 2.19433 1.34932 0.0552544 0.545866 1.06689 2.19378 1.34697 1903.03
0.0499974 0.550003 1.20106 2.32058 1.4599 0.0567496 0.545843 1.20356 2.31914 1.45579 1907.21
0.0499961 0.550004 1.3393 2.44682 1.57049 0.0582107 0.545347 1.33528 2.44416 1.56484 1911.4
0.0500004 0.55 1.47752 2.57307 1.68108 0.0588995 0.544702 1.46442 2.56889 1.67449 1915.58
0.0500005 0.549999 1.61575 2.69932 1.79166 0.0580823 0.543833 1.59711 2.69344 1.78497 1919.76
0.0500005 0.55 1.75398 2.82557 1.90224 0.0556731 0.542319 1.74081 2.81818 1.89609 1923.94
0.0499968 0.550003 1.89223 2.95182 2.01282 0.05303 0.540436 1.89519 2.94406 2.00716 1928.13
0.0499973 0.550002 2.03046 3.07807 2.1234 0.0524738 0.540274 2.04301 3.07187 2.11763 1932.31
0.0499966 0.550003 2.16869 3.20431 2.23398 0.054177 0.5434 2.17153 3.2005 2.22815 1936.49
0.0499966 0.550003 2.30692 3.33056 2.34456 0.0554755 0.547583 2.29248 3.32803 2.33957 1940.67
0.0499976 0.550002 2.44514 3.45681 2.45515 0.0546043 0.549852 2.41927 3.45438 2.45156 1944.86
0.0499989 0.550001 2.58336 3.58306 2.56573 0.0524066 0.550151 2.55556 3.58053 2.56335 1949.04
0.0499996 0.55 2.72159 3.70931 2.67631 0.0509641 0.550302 2.69894 3.70685 2.67464 1953.22
0.0499996 0.55 2.85982 3.83556 2.78689 0.051195 0.550856 2.84375 3.83295 2.78574 1957.4
0.0499994 0.550001 2.99805 3.96181 2.89748 0.0522131 0.550785 2.98388 3.95873 2.89685 1961.59
0.0499994 0.550001 3.13628 4.08805 3.00806 0.0528345 0.549565 3.11753 4.08452 3.00791 1965.77
0.0499995 0.550001 3.27451 4.2143 3.11864 0.0525871 0.547862 3.24804 4.21052 3.11873 1969.95
0.0499997 0.55 3.41274 4.34055 3.22922 0.0516851 0.546921 3.38052 4.33664 3.22923 1974.13
0.0500025 0.549997 3.55097 4.4668 3.3398 0.0506904 0.547717 3.5182 4.46261 3.33947 1978.31
0.0500009 0.549999 3.6892 4.59305 3.45038 0.0500866 0.550154 3.66013 4.58821 3.44964 1982.5
0.0500005 0.55 3.82743 4.7193 3.56096 0.0499276 0.552804 3.80236 4.71343 3.55996 1986.68
0.0500003 0.55 3.96566 4.84554 3.67155 0.0498765 0.553724 3.94165 4.83853 3.67054 1990.86
0.0500002 0.55 4.10389 4.97179 3.78213 0.0495944 0.551981 4.07812 4.96389 3.78125 1995.04
0.0500002 0.55 4.24212 5.09804 3.89271 0.0490922 0.548667 4.21436 5.08986 3.89183 1999.23
0.0500001 0.55 4.38035 5.22429 4.00329 0.0488036 0.546451 4.35243 5.21662 4.00219 2003.41
0.0500001 0.55 4.51858 5.35054 4.11388 0.0492135 0.54759 4.49162 5.34393 4.11259 2007.59
0.0500005 0.549999 4.65681 5.47679 4.22445 0.0500464 0.551442 4.62989 5.47104 4.22363 2011.77
0.0500007 0.549999 4.79505 5.60303 4.33503 0.0499237 0.554162 4.76623 5.59733 4.33566 2015.96
0.0500002 0.55 4.93327 5.72928 4.44561 0.0479286 0.552862 4.90147 5.72363 4.44802 2020.14
0.0499985 0.549999 5.0715 5.85553 4.55619 0.0467555 0.551904 5.04333 5.85133 4.55977 2024.32
0.0499986 0.55 5.20972 5.98178 4.66679 0.0497156 0.556495 5.19174 5.979 4.67211 2028.5
0.0499963 0.550001 5.34793 6.10803 4.77736 0.0529713 0.559994 5.32006 6.1051 4.78602 2032.69
0.0499997 0.55 5.48619 6.23428 4.88795 0.0526556 0.557498 5.4263 6.23088 4.89993 2036.87
0.0499997 0.55 5.62442 0.0773389 4.99854 0.0492781 0.551444 5.53167 0.0744915 5.0121 2041.05
0.0499997 0.55 5.76265 0.203587 5.10912 0.045219 0.546388 5.65708 0.202479 5.12201 2045.23
0.0499999 0.55 5.90088 0.329836 5.2197 0.0427641 0.54534 5.81058 0.330896 5.23036 2049.42
0.05 0.55 6.03911 0.456084 5.33028 0.043127 0.548323 5.98066 0.458775 5.33846 2053.6
0.0499992 0.550002 6.17734 0.582331 5.44086 0.0458997 0.55275 6.14528 0.585676 5.44751 2057.78
0.0499999 0.550001 0.0323908 0.708581 5.55145 0.0490071 0.555083 0.00845124 0.711897 5.55793 2061.96
0.0499999 0.550002 0.170623 0.83483 5.66203 0.049796 0.553214 0.140608 0.838205 5.6692 2066.15
0.0499994 0.550003 0.308847 0.961077 5.77264 0.0479692 0.549397 0.271521 0.965279 5.78028 2070.33
0.0499984 0.550004 0.447071 1.08733 5.88325 0.0475161 0.549937 0.408591 1.09251 5.89085 2074.51
0.0499981 0.550004 0.585305 1.21358 5.99383 0.0491267 0.553697 0.546301 1.21868 6.00175 2078.69
0.0499977 0.550003 0.723533 1.33982 6.10443 0.0493301 0.55416 0.681177 1.34473 6.11255 2082.88
0.0499976 0.550001 0.861761 1.46607 6.21501 0.0487553 0.552038 0.820418 1.47083 6.22277 2087.06
