Jr Jz thetar thetaz Jrs Jzs time
0.0499925 0.550009 0.999963 1.3 0.0464222 0.555961 0
0.0499919 0.550009 1.06279 1.35519 0.0461444 0.555875 1.10298
0.0499919 0.550009 1.12562 1.41037 0.0460806 0.555888 2.20596
0.0499923 0.550008 1.18845 1.46556 0.046209 0.555883 3.30894
0.0499929 0.550007 1.25129 1.52074 0.0464799 0.555764 4.41192
0.0499934 0.550006 1.31413 1.57593 0.0468287 0.555482 5.5149
0.0499938 0.550006 1.37696 1.63111 0.0471847 0.555049 6.61788
0.0499939 0.550006 1.43979 1.68629 0.0474782 0.554522 7.72085
0.0499937 0.550006 1.50263 1.74148 0.0476478 0.553988 8.82383
0.049993 0.550007 1.56546 1.79666 0.047646 0.553546 9.92681
0.0499915 0.550009 1.62828 1.85185 0.0474439 0.553286 11.0298
0.0499986 0.550002 1.69115 1.90703 0.0470329 0.553278 12.1328
0.049998 0.550002 1.75398 1.96221 0.0464243 0.553563 13.2358
0.0499971 0.550004 1.81681 2.0174 0.0456483 0.554148 14.3387
0.0499955 0.550006 1.87963 2.07258 0.0447517 0.555004 15.4417
0.0499935 0.550008 1.94246 2.12777 0.0437954 0.556071 16.5447
0.0499906 0.550012 2.00529 2.18295 0.0428531 0.557265 17.6477
0.0499978 0.550003 2.06814 2.23813 0.0420083 0.558482 18.7506
0.0499972 0.550004 2.13097 2.29332 0.0413519 0.559611 19.8536
0.0499966 0.550004 2.1938 2.3485 0.0409747 0.560546 20.9566
0.0499962 0.550005 2.25664 2.40368 0.0409571 0.561195 22.0596
0.0499962 0.550005 2.31947 2.45887 0.0413526 0.561499 23.1626
0.0499965 0.550004 2.3823 2.51405 0.0421694 0.561439 24.2655
0.0499971 0.550003 2.44514 2.56924 0.0433538 0.561036 25.3685
0.0499978 0.550003 2.50797 2.62442 0.044783 0.560346 26.4715
0.0499926 0.550008 2.57081 2.67961 0.0462698 0.559434 27.5745
0.0499952 0.550005 2.63364 2.73479 0.0475819 0.558354 28.6775
0.0499967 0.550003 2.69647 2.78997 0.0484703 0.55713 29.7804
0.049997 0.550003 2.7593 2.84516 0.0487055 0.555755 30.8834
0.0499952 0.550005 2.82213 2.90034 0.0481183 0.554207 31.9864
0.0499976 0.550002 2.88496 2.95553 0.0466534 0.55249 33.0894
0.0499939 0.550005 2.94779 3.01071 0.0444449 0.550689 34.1924
0.0499964 0.550003 3.01062 3.06589 0.0419142 0.549037 35.2953
0.0499925 0.550005 3.07345 3.12108 0.0398204 0.547947 36.3983
0.049997 0.550002 3.13628 3.17626 0.0390339 0.547858 37.5013
0.0499917 0.550006 3.19911 3.23145 0.0399163 0.5489 38.6043
0.0499954 0.550004 3.26194 3.28663 0.0419752 0.550738 39.7073
0.0499915 0.550007 3.32477 3.34182 0.0443401 0.552875 40.8102
0.049996 0.550004 3.38761 3.397 0.046331 0.554943 41.9132
0.0499978 0.550002 3.45044 3.45218 0.0476058 0.556765 43.0162
0.0499932 0.550007 3.51326 3.50737 0.0480833 0.558284 44.1192
0.0499929 0.550008 3.5761 3.56255 0.0478431 0.559503 45.2221
0.049998 0.550002 3.63893 3.61774 0.0470536 0.560436 46.3251
0.0499973 0.550003 3.70177 3.67292 0.0459223 0.561086 47.4281
0.0499963 0.550004 3.7646 3.7281 0.0446613 0.561445 48.5311
0.0499956 0.550005 3.82743 3.78329 0.0434609 0.561493 49.6341
0.049995 0.550006 3.89026 3.83847 0.0424703 0.561219 50.737
0.0499948 0.550006 3.9531 3.89366 0.041788 0.560629 51.84
0.0499951 0.550006 4.01593 3.94884 0.0414594 0.559759 52.943
0.0499957 0.550005 4.07876 4.00402 0.0414828 0.558678 54.046
0.0499966 0.550004 4.1416 4.05921 0.0418192 0.557478 55.149
0.0499974 0.550003 4.20443 4.11439 0.0424044 0.556267 56.2519
0.0499982 0.550002 4.26726 4.16958 0.0431599 0.555157 57.3549
0.0499927 0.550008 4.3301 4.22476 0.0440019 0.554244 58.4579
0.0499949 0.550006 4.39293 4.27994 0.0448487 0.553607 59.5609
0.0499966 0.550004 4.45576 4.33513 0.0456263 0.553291 60.6639
0.0499976 0.550002 4.51859 4.39031 0.0462731 0.553305 61.7668
0.0499983 0.550002 4.58142 4.4455 0.0467439 0.55362 62.8698
0.0499986 0.550001 4.64425 4.50068 0.0470139 0.554169 63.9728
0.0499989 0.550001 4.70708 4.55587 0.0470803 0.554859 65.0758
0.0499908 0.550008 4.76995 4.61104 0.0469633 0.555577 66.1788
0.0499908 0.550008 4.83279 4.66623 0.0467043 0.556208 67.2817
0.049999 0.550001 4.89558 4.72142 0.0463618 0.556654 68.3847
0.0499989 0.550001 4.95841 4.7766 0.0460056 0.556853 69.4877
0.0499989 0.550001 5.02124 4.83179 0.0457096 0.556803 70.5907
0.0499988 0.550001 5.08408 4.88697 0.0455441 0.556568 71.6936
0.0499989 0.550001 5.14691 4.94216 0.0455676 0.556273 72.7966
0.0499894 0.550013 5.20979 4.99733 0.045814 0.556077 73.8996
0.0499907 0.550012 5.27261 5.05252 0.0462726 0.556103 75.0026
0.0499921 0.55001 5.33543 5.10771 0.0468567 0.556352 76.1056
0.0499933 0.550009 5.39826 5.16289 0.0473712 0.556623 77.2085
0.0499935 0.550008 5.46108 5.21808 0.0475047 0.556492 78.3115
0.0499923 0.550008 5.52392 5.27326 0.0469063 0.555442 79.4145
0.049989 0.55001 5.58675 5.32844 0.0454525 0.553262 80.5175
0.0499984 0.550001 5.64956 5.38363 0.0437289 0.550746 81.6205
0.0499986 0.550001 5.71239 5.43881 0.043104 0.549859 82.7234
0.0499924 0.550006 5.77523 5.494 0.0443643 0.551935 83.8264
0.049997 0.550002 5.83806 5.54918 0.0466177 0.556063 84.9294
0.0499989 0.550001 5.90089 5.60437 0.0483966 0.560385 86.0324
0.0499995 0.550001 5.96372 5.65955 0.0488122 0.563551 87.1354
0.0499995 0.550001 6.02655 5.71474 0.0476829 0.564944 88.2383
0.0499992 0.550001 6.08938 5.76992 0.0452864 0.564478 89.3413
0.0499988 0.550002 6.15222 5.8251 0.0421222 0.562414 90.4443
0.0499998 0.55 6.21505 5.88029 0.0387483 0.559241 91.5473
0.0499994 0.550001 6.27788 5.93547 0.0356787 0.55558 92.6503
0.0499974 0.550006 0.057528 5.99066 0.0333267 0.552104 93.7532
0.0499999 0.55 0.120354 6.04584 0.0319774 0.549451 94.8562
0.0499998 0.550001 0.183186 6.10102 0.0317806 0.548137 95.9592
0.0499952 0.550008 0.246019 6.15621 0.0327552 0.548472 97.0622
0.0499989 0.550002 0.308849 6.21139 0.0347997 0.550507 98.1652
0.0499995 0.550001 0.371681 6.26658 0.0377033 0.55401 99.2681
0.0499943 0.550006 0.434517 0.0385766 0.0411581 0.558491 100.371
0.0499951 0.550004 0.49735 0.0937603 0.0447729 0.563262 101.474
0.049996 0.550003 0.560182 0.148944 0.0480934 0.567527 102.577
0.0499967 0.550002 0.623015 0.204128 0.0506387 0.570481 103.68
0.0499974 0.550001 0.685846 0.259312 0.0519632 0.571424 104.783
0.0499982 0.550001 0.748677 0.314497 0.0517644 0.569901 105.886
0.0499982 0.55 0.81151 0.369681 0.0500553 0.565933 106.989
0.0499969 0.55 0.874348 0.424865 0.0473914 0.560345 108.092
0.049995 0.55 0.937187 0.480049 0.0449745 0.555029 109.195
0.0499955 0.55 1.00002 0.535233 0.0441364 0.55226 110.298
0.0499976 0.550001 1.06284 0.590417 0.0451825 0.552706 111.401
0.0499989 0.550001 1.12567 0.645602 0.0471452 0.55475 112.504
0.0499994 0.55 1.1885 0.700786 0.0488928 0.556374 113.607
0.0499996 0.55 1.25133 0.75597 0.0498779 0.55659 114.71
0.0499997 0.55 1.31416 0.811154 0.0500759 0.555404 115.813
0.0499997 0.55 1.37699 0.866339 0.0497131 0.553352 116.916
0.0499997 0.55 1.43982 0.921523 0.0490771 0.551126 118.019
0.0499997 0.55 1.50265 0.976707 0.0484189 0.549343 119.122
0.0499996 0.55 1.56549 1.03189 0.0479109 0.548413 120.225
0.0499995 0.550001 1.62832 1.08708 0.0476383 0.548494 121.328
0.0499994 0.550001 1.69115 1.14226 0.0476126 0.549503 122.431
0.0499993 0.550001 1.75398 1.19744 0.0477941 0.551177 123.534
0.0499993 0.550001 1.81681 1.25263 0.0481166 0.553158 124.637
0.0499994 0.550001 1.87964 1.30781 0.0485067 0.555069 125.74
0.0499995 0.55 1.94248 1.363 0.0488976 0.556579 126.843
0.0499996 0.55 2.00531 1.41818 0.0492377 0.55745 127.946
0.0499997 0.55 2.06814 1.47336 0.0494953 0.557556 129.049
0.0499998 0.55 2.13097 1.52855 0.0496619 0.556894 130.152
0.0499951 0.550003 2.1938 1.58374 0.049753 0.555565 131.255
0.0499964 0.550001 2.25663 1.63892 0.0498053 0.553759 132.358
0.0499976 0.549999 2.31947 1.6941 0.0498709 0.551724 133.46
0.0499986 0.549998 2.3823 1.74929 0.0500075 0.549725 134.563
0.0499994 0.549998 2.44513 1.80447 0.0502653 0.548006 135.666
0.0499999 0.549997 2.50796 1.85965 0.0506748 0.54676 136.769
0.0500004 0.549996 2.5708 1.91484 0.0512389 0.546103 137.872
0.0500007 0.549995 2.63363 1.97002 0.0519302 0.546063 138.975
0.0500011 0.549994 2.69646 2.02521 0.0526959 0.546592 140.078
0.0500015 0.549992 2.75929 2.08039 0.0534656 0.547578 141.181
0.0500018 0.549991 2.82211 2.13558 0.0541615 0.548863 142.284
0.050002 0.54999 2.88494 2.19076 0.0547066 0.550272 143.387
0.0500021 0.549991 2.94778 2.24595 0.0550333 0.551621 144.49
0.0500022 0.549992 3.01061 2.30113 0.055091 0.552737 145.593
0.0500021 0.549993 3.07344 2.35631 0.0548549 0.553468 146.696
0.050002 0.549995 3.13627 2.4115 0.0543387 0.553703 147.799
0.0500019 0.549996 3.19911 2.46668 0.0536086 0.553385 148.902
0.0500017 0.549997 3.26194 2.52186 0.0527971 0.552541 150.005
0.0500016 0.549998 3.32477 2.57705 0.052104 0.551305 151.108
0.050002 0.549998 3.38761 2.63223 0.0517683 0.549919 152.211
0.050004 0.549997 3.45044 2.68742 0.0519986 0.548682 153.314
0.0499996 0.55 3.51327 2.7426 0.0528775 0.547828 154.417
0.049999 0.550001 3.57611 2.79779 0.0542989 0.547399 155.52
0.0499982 0.550001 3.63893 2.85297 0.055985 0.547202 156.623
0.0499972 0.550002 3.70176 2.90815 0.0575743 0.546901 157.726
0.0499962 0.550002 3.76459 2.96334 0.0587237 0.546161 158.829
0.0499954 0.550003 3.82741 3.01852 0.059185 0.544788 159.932
0.0500004 0.55 3.89027 3.07371 0.0588518 0.542796 161.035
0.0500005 0.55 3.9531 3.12889 0.0577887 0.54043 162.138
0.0500005 0.55 4.01593 3.18407 0.0562455 0.538119 163.241
0.0500005 0.55 4.07876 3.23926 0.0546384 0.536355 164.344
0.0499958 0.550003 4.14157 3.29445 0.0534631 0.535509 165.447
0.049996 0.550003 4.2044 3.34963 0.0531262 0.53566 166.55
0.0499954 0.550004 4.26723 3.40481 0.0537708 0.536575 167.653
0.0500006 0.549999 4.33009 3.45999 0.0552263 0.537867 168.756
0.0500007 0.549999 4.39292 3.51518 0.0571234 0.539179 169.859
0.0500008 0.549999 4.45576 3.57036 0.0590673 0.540295 170.962
0.0500009 0.549999 4.51859 3.62555 0.0607533 0.541143 172.065
0.0499974 0.550003 4.5814 3.68073 0.0620023 0.54175 173.168
0.0500013 0.549999 4.64425 3.73592 0.0627461 0.542187 174.271
0.0500018 0.549998 4.70708 3.7911 0.0629978 0.542528 175.374
0.0499977 0.550001 4.76993 3.84627 0.0628223 0.542825 176.477
0.0499973 0.550003 4.83274 3.90147 0.0623121 0.5431 177.58
0.0500004 0.55 4.89557 3.95665 0.0615695 0.543343 178.683
0.0499955 0.550004 4.95841 4.01184 0.0606941 0.543523 179.786
0.0499965 0.550003 5.02125 4.06703 0.0597737 0.543601 180.889
0.0499972 0.550002 5.08408 4.12221 0.0588795 0.54354 181.992
0.0499978 0.550002 5.14691 4.17739 0.0580634 0.543319 183.095
0.0499983 0.550001 5.20974 4.23258 0.0573594 0.542938 184.198
0.0499986 0.550001 5.27257 4.28776 0.0567848 0.542424 185.301
0.0499988 0.550001 5.3354 4.34294 0.0563447 0.54183 186.403
0.0499989 0.550001 5.39824 4.39813 0.0560359 0.541229 187.506
0.0499989 0.550001 5.46107 4.45331 0.0558504 0.540711 188.609
0.0499988 0.550001 5.5239 4.5085 0.0557803 0.540375 189.712
0.0499986 0.550001 5.58673 4.56368 0.0558208 0.54032 190.815
0.0499983 0.550002 5.64956 4.61886 0.0559762 0.540639 191.918
0.0499979 0.550002 5.7124 4.67405 0.0562618 0.541394 193.021
0.0499974 0.550003 5.77523 4.72923 0.0566906 0.54258 194.124
0.0499968 0.550003 5.83806 4.78441 0.0572204 0.544035 195.227
0.0499964 0.550003 5.90089 4.8396 0.0576612 0.545359 196.33
0.0499967 0.550003 5.96372 4.89478 0.0576463 0.545942 197.433
0.0499977 0.550002 6.02655 4.94997 0.0569075 0.545371 198.536
0.0499985 0.550001 6.08938 5.00515 0.0557811 0.544074 199.639
0.0499988 0.550001 6.15221 5.06034 0.0550422 0.54317 200.742
0.0499988 0.550001 6.21504 5.11552 0.0549992 0.543372 201.845
0.0499987 0.550001 6.27787 5.1707 0.0552866 0.544539 202.948
0.0499988 0.550001 0.0575206 5.22589 0.0553774 0.546103 204.051
0.0499989 0.550001 0.120353 5.28107 0.0549511 0.547495 205.154
0.0499991 0.550001 0.183185 5.33626 0.0539574 0.548317 206.257
0.0499993 0.550001 0.246017 5.39144 0.0525457 0.548366 207.36
0.0499993 0.550001 0.308849 5.44663 0.0509713 0.547611 208.463
0.0499992 0.550001 0.371681 5.50181 0.0495169 0.546161 209.566
0.0499989 0.550001 0.434514 5.55699 0.048437 0.54423 210.669
0.0499986 0.550001 0.497348 5.61218 0.0479233 0.542107 211.772
0.0499983 0.550001 0.560183 5.66736 0.0480871 0.540123 212.875
0.049998 0.550002 0.623019 5.72254 0.0489541 0.538609 213.978
0.0499979 0.550002 0.685856 5.77773 0.0504672 0.537861 215.081
0.0499981 0.550002 0.748692 5.83291 0.0524968 0.538092 216.184
0.0499985 0.550001 0.811527 5.8881 0.0548537 0.539393 217.287
0.0499991 0.550001 0.874361 5.94328 0.0573048 0.541703 218.39
0.0499996 0.550001 0.937187 5.99847 0.0595894 0.544796 219.493
0.0500001 0.55 1 6.05365 0.0614374 0.548288 220.596
0.0500005 0.549999 1.06283 6.10884 0.0625889 0.551673 221.699
0.0500005 0.549999 1.12566 6.16402 0.0628209 0.554381 222.802
0.0500001 0.55 1.1885 6.2192 0.0619861 0.555869 223.905
0.0499998 0.550002 1.25134 6.27439 0.0600724 0.555745 225.008
0.0499995 0.550002 1.31417 0.0463872 0.0572858 0.553956 226.111
0.0499995 0.550001 1.377 0.101572 0.0541312 0.551007 227.214
0.0499997 0.55 1.43983 0.156756 0.0513967 0.548086 228.317
0.0500013 0.549999 1.50263 0.21194 0.049881 0.546703 229.42
0.0500017 0.549999 1.56547 0.267124 0.0499053 0.547734 230.523
0.049999 0.550001 1.62833 0.322308 0.0510872 0.550702 231.626
0.0499977 0.550002 1.69116 0.377492 0.0526739 0.554228 232.729
0.0499965 0.550003 1.754 0.432676 0.05402 0.557 233.832
0.049996 0.550003 1.81683 0.48786 0.0547937 0.558289 234.935
0.0499962 0.550003 1.87966 0.543045 0.0549484 0.557955 236.038
0.0499967 0.550003 1.94248 0.598229 0.0546224 0.556272 237.141
0.0499974 0.550003 2.00531 0.653413 0.0540447 0.553739 238.244
0.0499981 0.550002 2.06814 0.708598 0.0534596 0.550919 239.346
0.0499984 0.550002 2.13097 0.763782 0.0530684 0.548309 240.449
0.0499985 0.550002 2.1938 0.818966 0.0529905 0.546258 241.552
0.0499983 0.550002 2.25663 0.874151 0.0532513 0.544937 242.655
0.0499978 0.550003 2.31946 0.929335 0.0537941 0.544361 243.758
0.0499971 0.550004 2.38229 0.984519 0.0545105 0.544436 244.861
0.0499964 0.550005 2.44512 1.0397 0.0552733 0.545007 245.964
0.0499957 0.550005 2.50795 1.09489 0.0559653 0.545898 247.067
0.0499952 0.550006 2.57079 1.15007 0.0564978 0.546937 248.17
0.0499949 0.550006 2.63362 1.20526 0.0568199 0.547966 249.273
0.0499947 0.550005 2.69645 1.26044 0.0569211 0.548858 250.376
0.0499947 0.550005 2.75929 1.31562 0.0568279 0.549523 251.479
0.0499948 0.550004 2.82212 1.37081 0.0565973 0.549922 252.582
0.049995 0.550003 2.88495 1.42599 0.0563067 0.550062 253.685
0.0499951 0.550003 2.94779 1.48118 0.0560402 0.549996 254.788
0.0499951 0.550003 3.01062 1.53636 0.0558736 0.549795 255.891
0.049995 0.550003 3.07345 1.59155 0.0558592 0.549533 256.994
0.0499946 0.550003 3.13628 1.64673 0.0560145 0.54926 258.097
0.0500006 0.55 3.19911 1.70191 0.0563178 0.548989 259.2
0.0500007 0.549999 3.26195 1.7571 0.0567127 0.548706 260.303
0.0500008 0.549999 3.32478 1.81228 0.0571192 0.548378 261.406
0.0500008 0.549999 3.38761 1.86747 0.0574491 0.547976 262.509
0.0500009 0.549999 3.45044 1.92265 0.0576219 0.547489 263.612
0.0500009 0.549999 3.51327 1.97783 0.0575776 0.54693 264.715
0.0500009 0.549999 3.5761 2.03302 0.0572878 0.546338 265.818
0.0500008 0.549999 3.63894 2.0882 0.0567619 0.545777 266.921
0.0500007 0.549999 3.70177 2.14339 0.0560507 0.545333 268.024
0.0499948 0.550007 3.76461 2.19857 0.0552454 0.545111 269.127
0.0499958 0.550005 3.82744 2.25376 0.0544691 0.545237 270.23
0.0499967 0.550004 3.89027 2.30894 0.0538597 0.545838 271.333
0.0499971 0.550003 3.9531 2.36412 0.0535418 0.547014 272.436
0.0499969 0.550003 4.01593 2.41931 0.0535908 0.548785 273.539
0.0499963 0.550004 4.07876 2.47449 0.0539991 0.551039 274.642
0.0499953 0.550005 4.14159 2.52968 0.0546596 0.55349 275.745
0.0499941 0.550005 4.20441 2.58486 0.0553765 0.555705 276.848
0.0499931 0.550006 4.26724 2.64005 0.0559033 0.557166 277.951
0.0500008 0.549999 4.33009 2.69523 0.0560003 0.557397 279.054
0.0500008 0.549999 4.39292 2.75041 0.0555033 0.556103 280.157
0.049994 0.550004 4.45572 2.8056 0.0544028 0.553332 281.26
0.0499959 0.550002 4.51856 2.86078 0.0529292 0.549622 282.363
0.0499978 0.550001 4.5814 2.91597 0.0515991 0.546036 283.466
0.0499987 0.550001 4.64424 2.97115 0.05111 0.543859 284.569
0.0499985 0.550001 4.70707 3.02633 0.0519957 0.543866 285.672
0.0499979 0.550002 4.76989 3.08152 0.0542411 0.545713 286.775
0.0499975 0.550004 4.83272 3.1367 0.0572759 0.548204 287.878
0.0499974 0.550005 4.89554 3.19189 0.0603457 0.55013 288.981
0.0500015 0.549997 4.95842 3.24707 0.0628522 0.550799 290.084
0.0499998 0.55 5.02124 3.30226 0.0644623 0.550073 291.187
0.0499998 0.55 5.08407 3.35744 0.0650718 0.54819 292.289
0.0499998 0.55 5.1469 3.41262 0.0647343 0.54558 293.392
0.0500036 0.549994 5.20976 3.4678 0.0636005 0.542733 294.495
0.0500004 0.549999 5.27257 3.52299 0.0618765 0.5401 295.598
0.0499971 0.550004 5.33537 3.57818 0.0597949 0.538039 296.701
0.0499958 0.550005 5.3982 3.63337 0.0575933 0.536774 297.804
0.0499956 0.550005 5.46103 3.68855 0.055497 0.536391 298.907
0.0499958 0.550004 5.52387 3.74373 0.0537029 0.536844 300.01
0.0499964 0.550004 5.58671 3.79892 0.0523657 0.537979 301.113
0.049997 0.550003 5.64955 3.8541 0.0515849 0.539568 302.216
0.0499976 0.550002 5.71239 3.90928 0.0513958 0.541343 303.319
0.0499981 0.550002 5.77522 3.96447 0.0517642 0.543028 304.422
0.0499984 0.550001 5.83805 4.01965 0.0525868 0.544376 305.525
0.0499984 0.550001 5.90089 4.07483 0.0536999 0.545191 306.628
0.0499983 0.550001 5.96372 4.13002 0.054898 0.545358 307.731
0.0499981 0.550002 6.02655 4.1852 0.0559673 0.544863 308.834
0.0499978 0.550002 6.08938 4.24039 0.0567345 0.54382 309.937
0.0499978 0.550002 6.15222 4.29557 0.0571336 0.542486 311.04
0.0499978 0.550002 6.21505 4.35076 0.0572721 0.541264 312.143
0.049998 0.550002 6.27788 4.40594 0.0574506 0.54062 313.246
0.0499981 0.550002 0.0575239 4.46112 0.0580236 0.540871 314.349
0.0499978 0.550003 0.120354 4.51631 0.0590273 0.541793 315.452
0.0499968 0.550004 0.183184 4.57149 0.059929 0.542522 316.555
0.0499956 0.550005 0.246012 4.62668 0.0601486 0.542287 317.658
0.049995 0.550005 0.308838 4.68186 0.0597245 0.541181 318.761
0.0499952 0.550005 0.371668 4.73704 0.0590688 0.53984 319.864
0.0499958 0.550004 0.434499 4.79223 0.0584708 0.5388 320.967
0.0499963 0.550003 0.497331 4.84741 0.0580038 0.538277 322.07
0.0499968 0.550003 0.560164 4.9026 0.0576433 0.538259 323.173
0.0499972 0.550003 0.622997 4.95778 0.0573626 0.538621 324.276
0.0499974 0.550002 0.68583 5.01296 0.0571629 0.539206 325.379
0.0499975 0.550002 0.748662 5.06815 0.0570701 0.539863 326.482
0.0499974 0.550002 0.811494 5.12333 0.0571216 0.540465 327.585
0.0499971 0.550003 0.874326 5.17852 0.057355 0.540915 328.688
0.0499966 0.550003 0.937157 5.2337 0.0577994 0.541156 329.791
0.0499959 0.550004 0.999989 5.28888 0.0584682 0.541171 330.894
0.0500004 0.55 1.06283 5.34407 0.059355 0.540977 331.997
0.0500005 0.549999 1.12566 5.39925 0.0604288 0.540628 333.1
0.0500005 0.549999 1.1885 5.45444 0.0616331 0.540196 334.203
0.0499998 0.55 1.25133 5.50962 0.0628857 0.539765 335.306
0.0499994 0.550001 1.31416 5.56481 0.0640814 0.53941 336.409
0.0499988 0.550002 1.37699 5.61999 0.0650973 0.539187 337.512
0.0499982 0.550002 1.43983 5.67517 0.0658015 0.539108 338.615
0.0499979 0.550003 1.50266 5.73036 0.0660642 0.539138 339.718
0.0499978 0.550003 1.5655 5.78554 0.0657742 0.539188 340.821
0.0499981 0.550002 1.62833 5.84073 0.0648599 0.539124 341.924
0.0499991 0.550001 1.69116 5.89591 0.0633174 0.538797 343.027
0.0500008 0.549999 1.75398 5.9511 0.0612452 0.538092 344.13
0.0500013 0.549999 1.8168 6.00628 0.0588791 0.537 345.232
0.0500012 0.549999 1.87964 6.06146 0.0566029 0.535703 346.335
0.0500011 0.549999 1.94247 6.11665 0.0548908 0.534608 347.438
0.050001 0.549999 2.0053 6.17183 0.0541432 0.534262 348.541
0.0500011 0.549999 2.06813 6.22702 0.0544769 0.535108 349.644
0.0500012 0.549999 2.13097 6.2822 0.0556375 0.537205 350.747
0.0500013 0.549999 2.1938 0.0542005 0.0571277 0.54017 351.85
0.0500012 0.549999 2.25663 0.109385 0.0584338 0.543365 352.953
0.0500011 0.549999 2.31946 0.164569 0.0591873 0.546181 354.056
0.050001 0.549999 2.3823 0.219753 0.0592198 0.548215 355.159
0.0500008 0.549999 2.44513 0.274937 0.0585518 0.549339 356.262
0.0500006 0.55 2.50796 0.330121 0.0573565 0.549677 357.365
0.049995 0.550004 2.5708 0.385303 0.0559128 0.549538 358.468
0.0499967 0.550003 2.63363 0.440488 0.0545419 0.549297 359.571
0.049998 0.550002 2.69646 0.495673 0.0535284 0.549262 360.674
0.0499986 0.550001 2.75929 0.550857 0.0530431 0.549566 361.777
0.0499989 0.550001 2.82212 0.606042 0.0531031 0.550141 362.88
0.0499989 0.550001 2.88495 0.661226 0.0535914 0.550789 363.983
0.0499988 0.550002 2.94778 0.71641 0.054319 0.551288 365.086
0.0499986 0.550002 3.01062 0.771594 0.0550915 0.551475 366.189
0.0499985 0.550002 3.07345 0.826779 0.0557518 0.551274 367.292
0.0499985 0.550003 3.13628 0.881963 0.0561955 0.550695 368.395
0.0499986 0.550003 3.19911 0.937147 0.0563704 0.549813 369.498
0.0499987 0.550002 3.26194 0.992331 0.0562674 0.548748 370.601
0.0499988 0.550002 3.32478 1.04752 0.0559116 0.547649 371.704
0.049999 0.550002 3.38761 1.1027 0.055354 0.546675 372.807
0.0499993 0.550001 3.45044 1.15788 0.0546639 0.545981 373.91
0.0499995 0.550001 3.51327 1.21307 0.0539206 0.545703 375.013
0.0499997 0.55 3.57611 1.26825 0.0532032 0.545937 376.116
0.0500047 0.549993 3.63894 1.32344 0.05258 0.54672 377.219
0.050003 0.549996 3.70177 1.37862 0.0520964 0.548011 378.322
0.050002 0.549997 3.7646 1.4338 0.0517682 0.549692 379.425
0.0500014 0.549998 3.82743 1.48899 0.0515794 0.551568 380.528
0.050001 0.549999 3.89026 1.54417 0.0514883 0.553395 381.631
0.0500006 0.55 3.9531 1.59936 0.0514386 0.554917 382.734
0.0500002 0.55 4.01593 1.65454 0.0513726 0.555905 383.837
0.0499998 0.550001 4.07876 1.70972 0.0512425 0.556197 384.94
0.0499994 0.550001 4.1416 1.76491 0.0510191 0.555726 386.043
0.0499991 0.550001 4.20443 1.82009 0.0506964 0.55454 387.146
0.0499989 0.550001 4.26726 1.87528 0.0502936 0.552801 388.249
0.0499987 0.550001 4.33009 1.93046 0.0498543 0.550778 389.352
0.0499987 0.550001 4.39292 1.98564 0.0494433 0.548812 390.455
0.0499988 0.55 4.45575 2.04083 0.0491388 0.547275 391.558
0.049999 0.55 4.51858 2.09601 0.0490186 0.546503 392.661
0.0499993 0.55 4.58141 2.1512 0.0491387 0.546732 393.764
0.0499995 0.55 4.64424 2.20638 0.049508 0.54802 394.867
0.0499997 0.55 4.70708 2.26157 0.0500637 0.550194 395.97
0.0499998 0.55 4.76991 2.31675 0.0506577 0.552846 397.073
0.0499999 0.55 4.83275 2.37194 0.0510639 0.555369 398.175
0.05 0.55 4.89557 2.42712 0.0510138 0.557075 399.278
0.05 0.55 4.95841 2.4823 0.0502725 0.557385 400.381
0.05 0.55 5.02124 2.53749 0.048776 0.556116 401.484
0.0499999 0.55 5.08407 2.59267 0.0468422 0.553869 402.587
0.0499995 0.55 5.1469 2.64786 0.0453293 0.552273 403.69
0.0499989 0.55 5.20973 2.70304 0.0453171 0.553271 404.793
0.0499989 0.55 5.27256 2.75822 0.0471456 0.55731 405.896
0.0499992 0.55 5.33539 2.81341 0.0499568 0.562722 406.999
0.0499991 0.55 5.39823 2.86859 0.0524739 0.567339 408.102
0.0499985 0.55 5.46106 2.92378 0.0538242 0.569845 409.205
0.0499978 0.550001 5.52389 2.97896 0.0537008 0.569877 410.308
0.0499973 0.550001 5.58672 3.03415 0.0521991 0.567693 411.411
0.049997 0.550002 5.64955 3.08933 0.049636 0.563891 412.514
0.0499968 0.550002 5.71238 3.14451 0.0464238 0.559233 413.617
0.0499967 0.550003 5.77522 3.1997 0.042994 0.554509 414.72
0.0499966 0.550004 5.83805 3.25488 0.0397517 0.550438 415.823
0.0499998 0.55 5.90089 3.31007 0.0370488 0.547579 416.926
0.0499997 0.550001 5.96372 3.36525 0.035165 0.546265 418.029
0.0499998 0.550001 6.02655 3.42043 0.034293 0.546569 419.132
0.0499999 0.550001 6.08938 3.47562 0.0345224 0.54831 420.235
0.05 0.550001 6.15221 3.5308 0.0358255 0.551098 421.338
0.0499957 0.550011 6.21503 3.58598 0.0380457 0.554397 422.441
0.0499996 0.550002 6.27787 3.64117 0.040894 0.557608 423.544
0.0499999 0.55 0.0575204 3.69636 0.0439604 0.560148 424.647
0.0499952 0.550009 0.120336 3.75154 0.0467463 0.561521 425.75
0.0499967 0.550005 0.183183 3.80672 0.0487313 0.561392 426.853
0.0499957 0.550006 0.24602 3.86191 0.0494832 0.559668 427.956
0.0499997 0.55 0.308848 3.91709 0.0488256 0.556608 429.059
0.0499991 0.550001 0.371678 3.97228 0.0470583 0.552968 430.162
0.0499978 0.550002 0.434506 4.02746 0.045132 0.550079 431.265
0.0499962 0.550004 0.497334 4.08264 0.0443633 0.549415 432.368
0.0499958 0.550005 0.560163 4.13783 0.0452622 0.551202 433.471
0.0499967 0.550004 0.622997 4.19301 0.0468566 0.553848 434.574
0.0499973 0.550003 0.68583 4.2482 0.0479809 0.555739 435.677
0.0499973 0.550004 0.748661 4.30338 0.0483035 0.556461 436.78
0.0499969 0.550004 0.81149 4.35857 0.0480612 0.556365 437.883
0.0499962 0.550005 0.874319 4.41375 0.0476009 0.555929 438.986
0.0499957 0.550005 0.937147 4.46894 0.0471757 0.555477 440.089
